Running branch predictor simulation using Global predictor with file: project/branch-trace-gcc.trace
8598	10000	0.8598
17270	20000	0.8635
25761	30000	0.8587
34205	40000	0.855125
43133	50000	0.86266
51555	60000	0.85925
60173	70000	0.859614
69185	80000	0.864812
78691	90000	0.874344
87948	100000	0.87948
96851	110000	0.880464
105950	120000	0.882917
115288	130000	0.886831
124611	140000	0.890079
133892	150000	0.892613
142377	160000	0.889856
150499	170000	0.885288
158629	180000	0.881272
166841	190000	0.878111
175517	200000	0.877585
184172	210000	0.87701
192175	220000	0.873523
200833	230000	0.873187
209255	240000	0.871896
217894	250000	0.871576
226588	260000	0.871492
234932	270000	0.870119
242866	280000	0.867379
251029	290000	0.865617
259687	300000	0.865623
267912	310000	0.864232
276260	320000	0.863313
284583	330000	0.862373
293201	340000	0.862356
301447	350000	0.861277
309634	360000	0.860094
317762	370000	0.858816
326158	380000	0.858311
334299	390000	0.857177
342581	400000	0.856452
350900	410000	0.855854
359054	420000	0.85489
367456	430000	0.854549
375720	440000	0.853909
383980	450000	0.853289
392392	460000	0.853026
400949	470000	0.853083
409605	480000	0.853344
418271	490000	0.853614
426835	500000	0.85367
434654	510000	0.852263
442937	520000	0.851802
451262	530000	0.851438
459663	540000	0.851228
468251	550000	0.851365
476731	560000	0.851305
485344	570000	0.851481
493943	580000	0.851626
502259	590000	0.851286
510557	600000	0.850928
518876	610000	0.850616
527061	620000	0.850098
535330	630000	0.84973
543569	640000	0.849327
551882	650000	0.849049
560092	660000	0.848624
568397	670000	0.848354
576632	680000	0.847988
584931	690000	0.847726
593115	700000	0.847307
601803	710000	0.84761
610039	720000	0.847276
618178	730000	0.846819
626608	740000	0.846768
635192	750000	0.846923
643766	760000	0.847061
652187	770000	0.846996
660482	780000	0.846772
668849	790000	0.846644
677449	800000	0.846811
685622	810000	0.846447
694229	820000	0.846621
702576	830000	0.846477
710703	840000	0.846075
719326	850000	0.846266
727769	860000	0.846243
736153	870000	0.846153
744552	880000	0.846082
753064	890000	0.846139
761856	900000	0.846507
770262	910000	0.846442
778421	920000	0.84611
786632	930000	0.845841
794935	940000	0.845676
803298	950000	0.845577
811748	960000	0.845571
820164	970000	0.84553
828520	980000	0.845429
836995	990000	0.845449
845404	1000000	0.845404
853739	1010000	0.845286
862067	1020000	0.845164
870442	1030000	0.845089
878722	1040000	0.844925
887121	1050000	0.844877
894803	1060000	0.844154
902589	1070000	0.843541
910953	1080000	0.843475
919018	1090000	0.843136
927414	1100000	0.843104
935240	1110000	0.842559
943667	1120000	0.84256
951278	1130000	0.841839
959144	1140000	0.841354
966876	1150000	0.840762
974759	1160000	0.840309
982674	1170000	0.839892
991024	1180000	0.839851
999560	1190000	0.839966
1008302	1200000	0.840252
1016355	1210000	0.839963
1025061	1220000	0.840214
1033778	1230000	0.84047
1042302	1240000	0.840566
1050196	1250000	0.840157
1058811	1260000	0.840326
1067116	1270000	0.840249
1075516	1280000	0.840247
1082807	1290000	0.839385
1090407	1300000	0.838775
1097968	1310000	0.838144
1105592	1320000	0.83757
1113258	1330000	0.837036
1120867	1340000	0.836468
1128598	1350000	0.835999
1136267	1360000	0.83549
1143861	1370000	0.834935
1152541	1380000	0.835175
1160113	1390000	0.834614
1168053	1400000	0.834324
1176299	1410000	0.834255
1183974	1420000	0.833785
1191678	1430000	0.833341
1199363	1440000	0.832891
1207162	1450000	0.832526
1215065	1460000	0.832236
1223027	1470000	0.831991
1230440	1480000	0.831378
1238355	1490000	0.831111
1246183	1500000	0.830789
1253947	1510000	0.830428
1261570	1520000	0.82998
1269076	1530000	0.829461
1276610	1540000	0.828968
1283988	1550000	0.828379
1291620	1560000	0.827962
1298959	1570000	0.827362
1306640	1580000	0.826987
1313999	1590000	0.826414
1321672	1600000	0.826045
1329216	1610000	0.8256
1336819	1620000	0.825197
1344340	1630000	0.824748
1351944	1640000	0.824356
1359467	1650000	0.823919
1366847	1660000	0.823402
1374308	1670000	0.822939
1381758	1680000	0.822475
1389230	1690000	0.82203
1396481	1700000	0.821459
1403980	1710000	0.821041
1411423	1720000	0.820595
1418899	1730000	0.820173
1426444	1740000	0.819795
1433950	1750000	0.8194
1441443	1760000	0.819002
1448947	1770000	0.818614
1456418	1780000	0.818212
1463847	1790000	0.817792
1471556	1800000	0.817531
1479009	1810000	0.817132
1486461	1820000	0.816737
1493982	1830000	0.816384
1501446	1840000	0.816003
1508956	1850000	0.815652
1516467	1860000	0.815305
1523937	1870000	0.81494
1531363	1880000	0.814555
1538878	1890000	0.814221
1546351	1900000	0.813869
1553882	1910000	0.813551
1561270	1920000	0.813161
1568645	1930000	0.812769
1576074	1940000	0.812409
1583362	1950000	0.811981
1590891	1960000	0.811679
1598560	1970000	0.811452
1606545	1980000	0.811386
1614078	1990000	0.811094
1621497	2000000	0.810748
1628977	2010000	0.810436
1636506	2020000	0.810151
1643981	2030000	0.809843
1651455	2040000	0.809537
1658971	2050000	0.809254
1666475	2060000	0.808968
1673968	2070000	0.80868
1681480	2080000	0.808404
1689089	2090000	0.808177
1696574	2100000	0.807892
1704547	2110000	0.807842
1711948	2120000	0.807523
1719594	2130000	0.807321
1727046	2140000	0.807031
1734668	2150000	0.806822
1742170	2160000	0.80656
1749735	2170000	0.806329
1757324	2180000	0.806112
1764886	2190000	0.805884
1773053	2200000	0.805933
1781677	2210000	0.806189
1789152	2220000	0.805924
1796599	2230000	0.80565
1803962	2240000	0.80534
1811473	2250000	0.805099
1818948	2260000	0.804844
1826481	2270000	0.804617
1834086	2280000	0.804424
1841595	2290000	0.80419
1849224	2300000	0.80401
1856737	2310000	0.803782
1864562	2320000	0.803691
1872344	2330000	0.803581
1880067	2340000	0.803447
1887688	2350000	0.803271
1895406	2360000	0.803138
1903228	2370000	0.80305
1911048	2380000	0.802961
1918815	2390000	0.802851
1926376	2400000	0.802657
1933834	2410000	0.802421
1941492	2420000	0.802269
1949017	2430000	0.802065
1956731	2440000	0.801939
1964424	2450000	0.801806
1971956	2460000	0.801608
1979482	2470000	0.80141
1987248	2480000	0.80131
1994649	2490000	0.801064
2002212	2500000	0.800885
2009888	2510000	0.800752
2017545	2520000	0.800613
2024886	2530000	0.80035
2032376	2540000	0.800148
2039878	2550000	0.799952
2047534	2560000	0.799818
2055287	2570000	0.799723
2062720	2580000	0.799504
2070150	2590000	0.799286
2077800	2600000	0.799154
2085469	2610000	0.79903
2093086	2620000	0.798888
2100563	2630000	0.798693
2108163	2640000	0.798547
2115939	2650000	0.798468
2123508	2660000	0.798311
2131270	2670000	0.798228
2139001	2680000	0.798135
2146383	2690000	0.797912
2154048	2700000	0.797796
2161483	2710000	0.797595
2168971	2720000	0.797416
2176477	2730000	0.797244
2184081	2740000	0.79711
2191666	2750000	0.796969
2199148	2760000	0.796793
2206744	2770000	0.796658
2214584	2780000	0.796613
2222350	2790000	0.796541
2229856	2800000	0.796377
2237350	2810000	0.79621
2244750	2820000	0.796011
2252283	2830000	0.79586
2259816	2840000	0.79571
2267293	2850000	0.795541
2275057	2860000	0.795474
2282586	2870000	0.795326
2290232	2880000	0.795219
2297852	2890000	0.795104
2305389	2900000	0.794962
2312983	2910000	0.79484
2320522	2920000	0.794699
2328733	2930000	0.794789
2337635	2940000	0.795114
2346613	2950000	0.795462
2355631	2960000	0.795821
2364589	2970000	0.796158
2373461	2980000	0.796463
2382771	2990000	0.796913
2391709	3000000	0.797236
2400647	3010000	0.797557
2409743	3020000	0.797928
2418634	3030000	0.798229
2427569	3040000	0.798542
2436558	3050000	0.798871
2445573	3060000	0.799207
2454520	3070000	0.799518
2463436	3080000	0.799817
2472707	3090000	0.800229
2481642	3100000	0.80053
2490588	3110000	0.800832
2499732	3120000	0.801196
2507405	3130000	0.801088
2515087	3140000	0.800983
2522623	3150000	0.800833
2530211	3160000	0.8007
2537621	3170000	0.800511
2545166	3180000	0.800367
2552705	3190000	0.800221
2560327	3200000	0.800102
2567870	3210000	0.79996
2575500	3220000	0.799845
2583112	3230000	0.799725
2590638	3240000	0.79958
2597871	3250000	0.799345
2605476	3260000	0.799226
2612852	3270000	0.799037
2620552	3280000	0.798949
2628138	3290000	0.798826
2635848	3300000	0.798742
2643357	3310000	0.798597
2651129	3320000	0.798533
2658527	3330000	0.798356
2666055	3340000	0.79822
2673569	3350000	0.79808
2681159	3360000	0.797964
2690009	3370000	0.798222
2698729	3380000	0.798441
2707488	3390000	0.798669
2716249	3400000	0.798897
2725186	3410000	0.799175
2734036	3420000	0.799426
2742837	3430000	0.799661
2751691	3440000	0.79991
2760167	3450000	0.800048
2768924	3460000	0.800267
2777705	3470000	0.800491
2786415	3480000	0.800694
2795250	3490000	0.800931
2804045	3500000	0.801156
2812818	3510000	0.801373
2821604	3520000	0.801592
2830071	3530000	0.80172
2838870	3540000	0.801941
2847825	3550000	0.802204
2856516	3560000	0.802392
2865595	3570000	0.802688
2874418	3580000	0.80291
2883260	3590000	0.803136
2892093	3600000	0.803359
2900828	3610000	0.803553
2909933	3620000	0.803849
2919214	3630000	0.804191
2928082	3640000	0.804418
2936960	3650000	0.804647
2945788	3660000	0.80486
2954751	3670000	0.805109
2963606	3680000	0.805328
2972652	3690000	0.805597
2981798	3700000	0.805891
2990995	3710000	0.806198
2999136	3720000	0.806219
3007369	3730000	0.806265
3015184	3740000	0.806199
3023189	3750000	0.806184
3031185	3760000	0.806166
3039043	3770000	0.806112
3046748	3780000	0.806018
3054588	3790000	0.80596
3062843	3800000	0.806011
3070707	3810000	0.80596
3079207	3820000	0.806075
3087782	3830000	0.806209
3096109	3840000	0.806278
3104211	3850000	0.806289
3112502	3860000	0.806348
3120911	3870000	0.806437
3129446	3880000	0.806558
3138084	3890000	0.806705
3146435	3900000	0.806778
3154752	3910000	0.806842
3163050	3920000	0.806901
3171468	3930000	0.806989
3180562	3940000	0.807249
3189253	3950000	0.807406
3198211	3960000	0.807629
3206922	3970000	0.807789
3216073	3980000	0.808059
3225171	3990000	0.808314
3233944	4000000	0.808486
3242897	4010000	0.808702
3251825	4020000	0.808912
3260926	4030000	0.809163
3270165	4040000	0.809447
3279330	4050000	0.809711
3288322	4060000	0.809932
3297553	4070000	0.81021
3306646	4080000	0.810452
3315580	4090000	0.810655
3324954	4100000	0.810964
3334405	4110000	0.811291
3343758	4120000	0.811592
3353134	4130000	0.811897
3362579	4140000	0.812217
3371953	4150000	0.812519
3381191	4160000	0.812786
3390670	4170000	0.81311
3400124	4180000	0.813427
3409453	4190000	0.813712
3418869	4200000	0.814016
3428322	4210000	0.814328
3437683	4220000	0.814617
3447007	4230000	0.814895
3456607	4240000	0.815237
3464655	4250000	0.815213
3472655	4260000	0.815177
3480493	4270000	0.815104
3487675	4280000	0.814877
3495364	4290000	0.81477
3503283	4300000	0.814717
3510986	4310000	0.814614
3519129	4320000	0.814613
3526333	4330000	0.814396
3533501	4340000	0.814171
3540970	4350000	0.814016
3548189	4360000	0.813805
3555269	4370000	0.813563
3562334	4380000	0.813318
3569461	4390000	0.813089
3576509	4400000	0.812843
3583525	4410000	0.812591
3590657	4420000	0.812366
3597727	4430000	0.812128
3604801	4440000	0.811892
3611865	4450000	0.811655
3618928	4460000	0.811419
3625989	4470000	0.811183
3633014	4480000	0.810941
3640181	4490000	0.810731
3647530	4500000	0.810562
3654556	4510000	0.810323
3661827	4520000	0.810139
3669229	4530000	0.809984
3676441	4540000	0.809789
3683731	4550000	0.809611
3690899	4560000	0.809408
3697953	4570000	0.80918
3705277	4580000	0.809012
3712386	4590000	0.808799
3719557	4600000	0.808599
3726679	4610000	0.80839
3733820	4620000	0.808186
3740984	4630000	0.807988
3748244	4640000	0.807811
3755417	4650000	0.807617
3762525	4660000	0.807409
3769767	4670000	0.807231
3776920	4680000	0.807034
3783981	4690000	0.806819
3791159	4700000	0.80663
3798411	4710000	0.806457
3805493	4720000	0.806249
3812643	4730000	0.806056
3819793	4740000	0.805864
3826959	4750000	0.805676
3834206	4760000	0.805505
3841382	4770000	0.805321
3848582	4780000	0.805143
3855610	4790000	0.804929
3862889	4800000	0.804769
3870296	4810000	0.804635
3877762	4820000	0.804515
3885182	4830000	0.804386
3892526	4840000	0.804241
3899902	4850000	0.804104
3907172	4860000	0.803945
3914477	4870000	0.803794
3921860	4880000	0.80366
3928995	4890000	0.803475
3936439	4900000	0.803355
3943782	4910000	0.803214
3951063	4920000	0.803062
3958305	4930000	0.802902
3965608	4940000	0.802755
3972780	4950000	0.802582
3980276	4960000	0.802475
3987759	4970000	0.802366
3995101	4980000	0.802229
4002345	4990000	0.802073
4009849	5000000	0.80197
4017212	5010000	0.801839
4024651	5020000	0.801723
4031974	5030000	0.801585
4039301	5040000	0.801449
4046501	5050000	0.801287
4053863	5060000	0.801159
4061099	5070000	0.801006
4068523	5080000	0.80089
4075888	5090000	0.800764
4083065	5100000	0.800601
4090526	5110000	0.800494
4097703	5120000	0.800333
4104938	5130000	0.800183
4112232	5140000	0.800045
4119520	5150000	0.799907
4126854	5160000	0.799778
4133951	5170000	0.799604
4141255	5180000	0.79947
4148348	5190000	0.799296
4155668	5200000	0.799167
4162731	5210000	0.798989
4169874	5220000	0.798826
4177081	5230000	0.798677
4184639	5240000	0.798595
4191928	5250000	0.798462
4199377	5260000	0.798361
4206951	5270000	0.798283
4214604	5280000	0.79822
4222041	5290000	0.798117
4229484	5300000	0.798016
4236809	5310000	0.797892
4244165	5320000	0.797775
4251555	5330000	0.797665
4258834	5340000	0.797534
4266295	5350000	0.797438
4273610	5360000	0.797315
4280967	5370000	0.797201
4288373	5380000	0.797095
4295794	5390000	0.796993
4303023	5400000	0.796856
4310381	5410000	0.796743
4317747	5420000	0.796632
4325053	5430000	0.796511
4332303	5440000	0.796379
4339630	5450000	0.796262
4346983	5460000	0.796151
4354167	5470000	0.796009
4361470	5480000	0.795889
4368718	5490000	0.795759
4375994	5500000	0.795635
4383178	5510000	0.795495
4390403	5520000	0.795363
4397561	5530000	0.795219
4404695	5540000	0.795071
4412110	5550000	0.794975
4419279	5560000	0.794834
4426648	5570000	0.79473
4433980	5580000	0.79462
4441434	5590000	0.794532
4448823	5600000	0.794433
4456363	5610000	0.794361
4463618	5620000	0.794238
4470997	5630000	0.794138
4478399	5640000	0.794042
4485759	5650000	0.79394
4493202	5660000	0.793852
4500549	5670000	0.793748
4507920	5680000	0.793648
4515304	5690000	0.793551
4522686	5700000	0.793454
4529902	5710000	0.793328
4537307	5720000	0.793235
4544633	5730000	0.79313
4551990	5740000	0.79303
4559295	5750000	0.792921
4566646	5760000	0.79282
4573961	5770000	0.792714
4581155	5780000	0.792587
4588557	5790000	0.792497
4595793	5800000	0.792378
4603045	5810000	0.792262
4610288	5820000	0.792146
4617494	5830000	0.792023
4624669	5840000	0.791895
4631786	5850000	0.791758
4639175	5860000	0.791668
4646486	5870000	0.791565
4653786	5880000	0.79146
4661216	5890000	0.791378
4668713	5900000	0.791307
4676229	5910000	0.79124
4683519	5920000	0.791135
4690826	5930000	0.791033
4698214	5940000	0.790945
4705697	5950000	0.790873
4713210	5960000	0.790807
4720479	5970000	0.7907
4727756	5980000	0.790595
4735148	5990000	0.790509
4742577	6000000	0.79043
4749967	6010000	0.790344
4757261	6020000	0.790243
4764603	6030000	0.79015
4771944	6040000	0.790057
4779322	6050000	0.789971
4786567	6060000	0.789863
4793939	6070000	0.789776
4801244	6080000	0.789678
4808560	6090000	0.789583
4815798	6100000	0.789475
4823130	6110000	0.789383
4830390	6120000	0.789279
4837580	6130000	0.789165
4844832	6140000	0.789061
4852084	6150000	0.788957
4859203	6160000	0.788832
4866685	6170000	0.788766
4873929	6180000	0.788662
4881224	6190000	0.788566
4888676	6200000	0.788496
4896174	6210000	0.788434
4903569	6220000	0.788355
4911090	6230000	0.788297
4918317	6240000	0.788192
4925645	6250000	0.788103
4933084	6260000	0.788033
4940480	6270000	0.787955
4947965	6280000	0.787893
4955275	6290000	0.787802
4962606	6300000	0.787715
4970044	6310000	0.787646
4977501	6320000	0.787579
4984717	6330000	0.787475
4992027	6340000	0.787386
4999446	6350000	0.787314
5006788	6360000	0.787231
5014083	6370000	0.78714
5021421	6380000	0.787057
5028784	6390000	0.786977
5036004	6400000	0.786876
5043311	6410000	0.786788
5050615	6420000	0.7867
5057825	6430000	0.786598
5065090	6440000	0.786505
5072284	6450000	0.786401
5079483	6460000	0.786298
5086624	6470000	0.786186
5094069	6480000	0.786122
5101284	6490000	0.786022
5108618	6500000	0.785941
5116007	6510000	0.785869
5123508	6520000	0.785814
5130871	6530000	0.785738
5138307	6540000	0.785674
5145617	6550000	0.78559
5153012	6560000	0.78552
5160461	6570000	0.785458
5167890	6580000	0.785394
5175198	6590000	0.785311
5182578	6600000	0.785239
5190022	6610000	0.785177
5197314	6620000	0.785093
5204609	6630000	0.785009
5212000	6640000	0.78494
5219356	6650000	0.784866
5226560	6660000	0.784769
5233948	6670000	0.7847
5241162	6680000	0.784605
5248451	6690000	0.784522
5255687	6700000	0.784431
5262932	6710000	0.784342
5270061	6720000	0.784235
5277216	6730000	0.784133
5284549	6740000	0.784058
5291782	6750000	0.783968
5299104	6760000	0.783891
5306486	6770000	0.783824
5313887	6780000	0.783759
5321344	6790000	0.783703
5328607	6800000	0.783619
5335930	6810000	0.783543
5343218	6820000	0.783463
5350672	6830000	0.783407
5357926	6840000	0.783323
5365277	6850000	0.783252
5372542	6860000	0.783169
5379840	6870000	0.783092
5387162	6880000	0.783018
5394358	6890000	0.782926
5401690	6900000	0.782854
5408839	6910000	0.782755
5416132	6920000	0.782678
5423278	6930000	0.78258
5430410	6940000	0.78248
5437816	6950000	0.78242
5445032	6960000	0.782332
5452420	6970000	0.78227
5459763	6980000	0.782201
5467296	6990000	0.78216
5474441	7000000	0.782063
5481824	7010000	0.782001
5489276	7020000	0.781948
5496495	7030000	0.781863
5503821	7040000	0.781793
5511089	7050000	0.781715
5518329	7060000	0.781633
5525572	7070000	0.781552
5532832	7080000	0.781473
5540014	7090000	0.781384
5547158	7100000	0.78129
5554479	7110000	0.781221
5561713	7120000	0.781139
5569020	7130000	0.781069
5576302	7140000	0.780995
5583693	7150000	0.780936
5590951	7160000	0.780859
5598271	7170000	0.780791
5605570	7180000	0.78072
5612856	7190000	0.780648
5620034	7200000	0.78056
5627298	7210000	0.780485
5634499	7220000	0.780402
5641613	7230000	0.780306
5648904	7240000	0.780235
5656232	7250000	0.78017
5663428	7260000	0.780087
5670729	7270000	0.780018
5678079	7280000	0.779956
5685318	7290000	0.779879
5692586	7300000	0.779806
5699747	7310000	0.779719
5706975	7320000	0.779641
5714187	7330000	0.779562
5721402	7340000	0.779483
5728635	7350000	0.779406
5735880	7360000	0.779332
5743090	7370000	0.779252
5750284	7380000	0.779171
5757462	7390000	0.779088
5764676	7400000	0.77901
5771870	7410000	0.77893
5778992	7420000	0.77884
5786113	7430000	0.77875
5793386	7440000	0.778681
5800503	7450000	0.778591
5807743	7460000	0.778518
5815014	7470000	0.778449
5822412	7480000	0.778397
5829673	7490000	0.778328
5836856	7500000	0.778247
5843936	7510000	0.778154
5851078	7520000	0.778069
5858242	7530000	0.777987
5865503	7540000	0.777918
5872639	7550000	0.777833
5879795	7560000	0.777751
5886977	7570000	0.777672
5894115	7580000	0.777588
5901212	7590000	0.777498
5908486	7600000	0.777432
5915756	7610000	0.777366
5922903	7620000	0.777284
5930039	7630000	0.7772
5937017	7640000	0.777096
5944373	7650000	0.777042
5951693	7660000	0.776983
5958840	7670000	0.776902
5966015	7680000	0.776825
5973362	7690000	0.77677
5980460	7700000	0.776683
5987615	7710000	0.776604
5994801	7720000	0.776529
6002003	7730000	0.776456
6009253	7740000	0.776389
6016445	7750000	0.776315
6023593	7760000	0.776236
6030590	7770000	0.776138
6037815	7780000	0.776069
6044854	7790000	0.775976
6052010	7800000	0.775899
6059246	7810000	0.775832
6066301	7820000	0.775742
6073678	7830000	0.775693
6080628	7840000	0.77559
6087735	7850000	0.775508
6095006	7860000	0.775446
6102099	7870000	0.775362
6109172	7880000	0.775276
6116571	7890000	0.775231
6123907	7900000	0.775178
6131047	7910000	0.775101
6138168	7920000	0.775021
6145330	7930000	0.774947
6152472	7940000	0.774871
6159618	7950000	0.774795
6167056	7960000	0.774756
6174413	7970000	0.774707
6181571	7980000	0.774633
6188841	7990000	0.774573
6195869	8000000	0.774484
6203021	8010000	0.77441
6210263	8020000	0.774347
6217508	8030000	0.774285
6224928	8040000	0.774245
6232146	8050000	0.77418
6239607	8060000	0.774145
6246950	8070000	0.774095
6254104	8080000	0.774023
6261245	8090000	0.773949
6268525	8100000	0.773892
6275690	8110000	0.773821
6282963	8120000	0.773764
6290070	8130000	0.773686
6297273	8140000	0.773621
6304816	8150000	0.773597
6312161	8160000	0.773549
6319648	8170000	0.773519
6326895	8180000	0.773459
6334384	8190000	0.773429
6341939	8200000	0.773407
6349362	8210000	0.773369
6356846	8220000	0.773339
6364112	8230000	0.773282
6371630	8240000	0.773256
6379025	8250000	0.773215
6386147	8260000	0.773141
6393577	8270000	0.773105
6400901	8280000	0.773056
6408367	8290000	0.773024
6415978	8300000	0.773009
6423526	8310000	0.772987
6430908	8320000	0.772946
6438292	8330000	0.772904
6445794	8340000	0.772877
6453416	8350000	0.772864
6460910	8360000	0.772836
6468361	8370000	0.772803
6475835	8380000	0.772773
6483537	8390000	0.77277
6490864	8400000	0.772722
6498328	8410000	0.772691
6505458	8420000	0.77262
6512617	8430000	0.772552
6519938	8440000	0.772505
6527193	8450000	0.772449
6534434	8460000	0.772392
6541688	8470000	0.772336
6548899	8480000	0.772276
6556261	8490000	0.772233
6563584	8500000	0.772186
6570769	8510000	0.772123
6578255	8520000	0.772096
6585652	8530000	0.772058
6592929	8540000	0.772006
6600151	8550000	0.771947
6607568	8560000	0.771912
6615084	8570000	0.771888
6622270	8580000	0.771826
6629470	8590000	0.771766
6637004	8600000	0.771745
6644445	8610000	0.771713
6651680	8620000	0.771657
6658809	8630000	0.771589
6665900	8640000	0.771516
6673098	8650000	0.771456
6680511	8660000	0.771422
6687811	8670000	0.771374
6695102	8680000	0.771325
6702393	8690000	0.771277
6709758	8700000	0.771237
6717482	8710000	0.771238
6724943	8720000	0.771209
6732086	8730000	0.771144
6739737	8740000	0.771137
6747323	8750000	0.771123
6754284	8760000	0.771037
6761364	8770000	0.770965
6768607	8780000	0.770912
6775626	8790000	0.770833
6783025	8800000	0.770798
6790246	8810000	0.770743
6797500	8820000	0.770692
6804581	8830000	0.770621
6811830	8840000	0.770569
6819130	8850000	0.770523
6826137	8860000	0.770444
6833166	8870000	0.770368
6840332	8880000	0.770308
6847650	8890000	0.770264
6854807	8900000	0.770203
6861922	8910000	0.770137
6869088	8920000	0.770077
6876293	8930000	0.770022
6883634	8940000	0.769981
6890918	8950000	0.769935
6898065	8960000	0.769873
6905189	8970000	0.769809
6912384	8980000	0.769753
6919544	8990000	0.769693
6926758	9000000	0.76964
6933922	9010000	0.769581
6941114	9020000	0.769525
6948287	9030000	0.769467
6955672	9040000	0.769433
6962909	9050000	0.769382
6970183	9060000	0.769336
6977604	9070000	0.769306
6984911	9080000	0.769263
6992230	9090000	0.769222
6999606	9100000	0.769187
7006849	9110000	0.769138
7014229	9120000	0.769104
7021480	9130000	0.769056
7029146	9140000	0.769053
7036829	9150000	0.769052
7044210	9160000	0.769019
7051538	9170000	0.768979
7058861	9180000	0.768939
7066059	9190000	0.768886
7073346	9200000	0.768842
7080560	9210000	0.76879
7088122	9220000	0.768777
7095458	9230000	0.768739
7102710	9240000	0.768692
7109978	9250000	0.768646
7117378	9260000	0.768615
7124837	9270000	0.768591
7132163	9280000	0.768552
7139422	9290000	0.768506
7146619	9300000	0.768454
7153816	9310000	0.768401
7160823	9320000	0.768329
7168091	9330000	0.768284
7175246	9340000	0.768228
7182451	9350000	0.768177
7189620	9360000	0.768122
7196952	9370000	0.768085
7204192	9380000	0.768038
7211617	9390000	0.76801
7218898	9400000	0.767968
7226342	9410000	0.767943
7233470	9420000	0.767884
7240608	9430000	0.767827
7247782	9440000	0.767774
7254917	9450000	0.767716
7262085	9460000	0.767662
7269287	9470000	0.767612
7276827	9480000	0.767598
7285051	9490000	0.767656
7293376	9500000	0.767724
7301696	9510000	0.767791
7310000	9520000	0.767857
7318702	9530000	0.767965
7327085	9540000	0.768038
7335399	9550000	0.768105
7343779	9560000	0.768178
7352100	9570000	0.768245
7360935	9580000	0.768365
7369990	9590000	0.768508
7378817	9600000	0.768627
7387900	9610000	0.768772
7396694	9620000	0.768887
7405699	9630000	0.769024
7414908	9640000	0.769181
7423816	9650000	0.769307
7432631	9660000	0.769423
7441756	9670000	0.769571
7450630	9680000	0.769693
7459620	9690000	0.769827
7468363	9700000	0.769934
7476772	9710000	0.770007
7485288	9720000	0.770091
7493814	9730000	0.770176
7502643	9740000	0.770292
7511688	9750000	0.77043
7520845	9760000	0.770578
7529957	9770000	0.770722
7539168	9780000	0.770876
7547988	9790000	0.77099
7556341	9800000	0.771055
7564940	9810000	0.771146
7573951	9820000	0.771278
7582583	9830000	0.771372
7591709	9840000	0.771515
7600426	9850000	0.771617
7609164	9860000	0.77172
7617875	9870000	0.771821
7626919	9880000	0.771955
7635392	9890000	0.772032
7643362	9900000	0.772057
7652235	9910000	0.772173
7661316	9920000	0.77231
7670084	9930000	0.772415
7679036	9940000	0.772539
7688205	9950000	0.772684
7697215	9960000	0.772813
7705659	9970000	0.772885
7714415	9980000	0.772987
7723445	9990000	0.773118
7732387	10000000	0.773239
7741513	10010000	0.773378
7749925	10020000	0.773446
7758652	10030000	0.773545
7767841	10040000	0.773689
7776539	10050000	0.773785
7785554	10060000	0.773912
7794799	10070000	0.774061
7803632	10080000	0.77417
7812436	10090000	0.774275
7820634	10100000	0.77432
7829221	10110000	0.774404
7837290	10120000	0.774436
7845797	10130000	0.774511
7854024	10140000	0.774559
7862405	10150000	0.774621
7871103	10160000	0.774715
7879968	10170000	0.774825
7888402	10180000	0.774892
7897050	10190000	0.77498
7905711	10200000	0.77507
7914737	10210000	0.775195
7923580	10220000	0.775301
7932137	10230000	0.77538
7940678	10240000	0.775457
7949667	10250000	0.775577
7958805	10260000	0.775712
7967886	10270000	0.775841
7977211	10280000	0.775993
7986396	10290000	0.776132
7995635	10300000	0.776275
8004771	10310000	0.776408
8014089	10320000	0.776559
8023199	10330000	0.776689
8032671	10340000	0.776854
8041692	10350000	0.776975
8050998	10360000	0.777123
8060092	10370000	0.777251
8069257	10380000	0.777385
8078578	10390000	0.777534
8087767	10400000	0.77767
8097235	10410000	0.777832
8106241	10420000	0.77795
8114957	10430000	0.77804
8124073	10440000	0.778168
8133472	10450000	0.778323
8142904	10460000	0.77848
8152086	10470000	0.778614
8161121	10480000	0.778733
8169908	10490000	0.778828
8179337	10500000	0.778984
8188715	10510000	0.779136
8197989	10520000	0.779277
8207519	10530000	0.779442
8216318	10540000	0.779537
8224763	10550000	0.779598
8233951	10560000	0.77973
8243073	10570000	0.779856
8252208	10580000	0.779982
8260984	10590000	0.780074
8269419	10600000	0.780134
8278003	10610000	0.780208
8286405	10620000	0.780264
8294882	10630000	0.780328
8302814	10640000	0.78034
8310931	10650000	0.780369
8319094	10660000	0.780403
8327178	10670000	0.780429
8335326	10680000	0.780461
8343488	10690000	0.780495
8352034	10700000	0.780564
8361032	10710000	0.780675
8370044	10720000	0.780788
8379098	10730000	0.780904
8388082	10740000	0.781013
8398024	10750000	0.781212
8407972	10760000	0.78141
8417547	10770000	0.781574
8426935	10780000	0.781719
8436333	10790000	0.781866
8445730	10800000	0.782012
8455128	10810000	0.782158
8464522	10820000	0.782303
8473906	10830000	0.782447
8483301	10840000	0.782592
8492747	10850000	0.782742
8502097	10860000	0.782882
8511521	10870000	0.783029
8520976	10880000	0.783178
8530309	10890000	0.783316
8539636	10900000	0.783453
8548962	10910000	0.78359
8558279	10920000	0.783725
8567570	10930000	0.783858
8576856	10940000	0.78399
8586159	10950000	0.784124
8595453	10960000	0.784257
8604742	10970000	0.784389
8614042	10980000	0.784521
8623318	10990000	0.784651
8632607	11000000	0.784782
8641896	11010000	0.784913
8651189	11020000	0.785044
8660471	11030000	0.785174
8669797	11040000	0.785308
8679095	11050000	0.785438
8688423	11060000	0.785572
8697825	11070000	0.785711
8707113	11080000	0.785841
8716400	11090000	0.785969
8725713	11100000	0.7861
8735010	11110000	0.78623
8744299	11120000	0.786358
8753589	11130000	0.786486
8762888	11140000	0.786615
8771787	11150000	0.786707
8780615	11160000	0.786793
8789494	11170000	0.786884
8798773	11180000	0.78701
8808125	11190000	0.787143
8817479	11200000	0.787275
8826874	11210000	0.787411
8836172	11220000	0.787538
8845486	11230000	0.787666
8854764	11240000	0.78779
8863986	11250000	0.78791
8873169	11260000	0.788026
8882169	11270000	0.788125
8891375	11280000	0.788242
8900115	11290000	0.788318
8908677	11300000	0.788378
8917611	11310000	0.788471
8926290	11320000	0.788542
8935460	11330000	0.788655
8944205	11340000	0.788731
8952952	11350000	0.788806
8961726	11360000	0.788884
8970474	11370000	0.78896
8979312	11380000	0.789043
8988407	11390000	0.789149
8997573	11400000	0.789261
9006418	11410000	0.789344
9015448	11420000	0.789444
9024374	11430000	0.789534
9033341	11440000	0.789628
9042488	11450000	0.789737
9051513	11460000	0.789835
9060668	11470000	0.789945
9069106	11480000	0.789992
9077526	11490000	0.790037
9085756	11500000	0.790066
9094166	11510000	0.79011
9102625	11520000	0.790158
9111051	11530000	0.790204
9119601	11540000	0.79026
9128074	11550000	0.790309
9136287	11560000	0.790336
9144592	11570000	0.790371
9152870	11580000	0.790403
9161244	11590000	0.790444
9169627	11600000	0.790485
9178472	11610000	0.790566
9187018	11620000	0.790621
9195997	11630000	0.790713
9204685	11640000	0.79078
9213819	11650000	0.790886
9222639	11660000	0.790964
9231372	11670000	0.791034
9240121	11680000	0.791106
9248891	11690000	0.79118
9258250	11700000	0.791303
9266284	11710000	0.791314
9273988	11720000	0.791296
9281631	11730000	0.791273
9289447	11740000	0.791265
9297308	11750000	0.79126
9304366	11760000	0.791188
9311608	11770000	0.791131
9318813	11780000	0.791071
9325954	11790000	0.791005
9332977	11800000	0.79093
9340176	11810000	0.79087
9347298	11820000	0.790804
9354332	11830000	0.79073
9361439	11840000	0.790662
9368545	11850000	0.790595
9375762	11860000	0.790536
9382822	11870000	0.790465
9389938	11880000	0.790399
9397220	11890000	0.790347
9404316	11900000	0.790279
9411582	11910000	0.790225
9418797	11920000	0.790168
9426171	11930000	0.790123
9433324	11940000	0.790061
9440527	11950000	0.790002
9447741	11960000	0.789945
9454697	11970000	0.789866
9462017	11980000	0.789818
9469192	11990000	0.789757
9476303	12000000	0.789692
9483331	12010000	0.78962
9490609	12020000	0.789568
9497835	12030000	0.789512
9505032	12040000	0.789454
9512189	12050000	0.789393
9519397	12060000	0.789336
9526527	12070000	0.789273
9533643	12080000	0.789209
9540939	12090000	0.78916
9548061	12100000	0.789096
9555289	12110000	0.789041
9562413	12120000	0.788978
9569691	12130000	0.788928
9577012	12140000	0.788881
9584140	12150000	0.788818
9591398	12160000	0.788766
9598870	12170000	0.788732
9606286	12180000	0.788693
9613771	12190000	0.78866
9621075	12200000	0.788613
9628556	12210000	0.78858
9635983	12220000	0.788542
9643295	12230000	0.788495
9650829	12240000	0.788466
9658134	12250000	0.788419
9665477	12260000	0.788375
9672759	12270000	0.788326
9679973	12280000	0.788271
9687164	12290000	0.788215
9694611	12300000	0.78818
9702094	12310000	0.788147
9709325	12320000	0.788095
9716702	12330000	0.788054
9724200	12340000	0.788023
9731554	12350000	0.78798
9738864	12360000	0.787934
9746286	12370000	0.787897
9753487	12380000	0.787842
9760785	12390000	0.787795
9768171	12400000	0.787756
9775389	12410000	0.787703
9782807	12420000	0.787666
9789986	12430000	0.787609
9797273	12440000	0.787562
9804487	12450000	0.787509
9811823	12460000	0.787466
9819133	12470000	0.78742
9826304	12480000	0.787364
9833596	12490000	0.787318
9840761	12500000	0.787261
9848068	12510000	0.787216
9855632	12520000	0.787191
9863075	12530000	0.787157
9870483	12540000	0.78712
9877853	12550000	0.78708
9885187	12560000	0.787037
9892538	12570000	0.786996
9899966	12580000	0.786961
9907327	12590000	0.78692
9914706	12600000	0.786881
9922106	12610000	0.786844
9929495	12620000	0.786806
9936859	12630000	0.786766
9944234	12640000	0.786727
9951564	12650000	0.786685
9958966	12660000	0.786648
9966350	12670000	0.78661
9973617	12680000	0.786563
9981060	12690000	0.78653
9988456	12700000	0.786493
9995799	12710000	0.786452
10003136	12720000	0.78641
10010552	12730000	0.786375
10017828	12740000	0.786329
10025261	12750000	0.786295
10032475	12760000	0.786244
10039809	12770000	0.786203
10047042	12780000	0.786154
10054488	12790000	0.786121
10061852	12800000	0.786082
10069176	12810000	0.78604
10076516	12820000	0.786
10083999	12830000	0.78597
10091482	12840000	0.785941
10098794	12850000	0.785898
10106110	12860000	0.785856
10113507	12870000	0.78582
10121072	12880000	0.785798
10128296	12890000	0.785748
10135633	12900000	0.785708
10143008	12910000	0.785671
10150493	12920000	0.785642
10157751	12930000	0.785596
10165143	12940000	0.78556
10172459	12950000	0.785518
10179783	12960000	0.785477
10187145	12970000	0.785439
10194438	12980000	0.785396
10201821	12990000	0.78536
10209200	13000000	0.785323
10216456	13010000	0.785277
10223827	13020000	0.78524
10231104	13030000	0.785196
10238358	13040000	0.78515
10245590	13050000	0.785103
10253027	13060000	0.785071
10260365	13070000	0.785032
10267697	13080000	0.784992
10275026	13090000	0.784952
10282441	13100000	0.784919
10289858	13110000	0.784886
10297187	13120000	0.784847
10304509	13130000	0.784806
10311856	13140000	0.784768
10319285	13150000	0.784737
10326701	13160000	0.784704
10333991	13170000	0.784661
10341328	13180000	0.784623
10348865	13190000	0.784599
10356125	13200000	0.784555
10363461	13210000	0.784516
10370815	13220000	0.784479
10378162	13230000	0.784442
10385519	13240000	0.784405
10392892	13250000	0.784369
10400171	13260000	0.784327
10407522	13270000	0.78429
10414801	13280000	0.784247
10422163	13290000	0.784211
10429383	13300000	0.784164
10436691	13310000	0.784124
10443962	13320000	0.784081
10451389	13330000	0.78405
10458728	13340000	0.784013
10466108	13350000	0.783978
10473542	13360000	0.783948
10480975	13370000	0.783917
10488476	13380000	0.783892
10495812	13390000	0.783855
10503126	13400000	0.783815
10510574	13410000	0.783786
10517997	13420000	0.783755
10525437	13430000	0.783726
10532788	13440000	0.78369
10540230	13450000	0.78366
10547660	13460000	0.78363
10555027	13470000	0.783595
10562407	13480000	0.783561
10569836	13490000	0.783531
10577224	13500000	0.783498
10584587	13510000	0.783463
10591967	13520000	0.78343
10599358	13530000	0.783397
10606720	13540000	0.783362
10614026	13550000	0.783323
10621391	13560000	0.783288
10628663	13570000	0.783247
10635997	13580000	0.78321
10643248	13590000	0.783168
10650430	13600000	0.78312
10657945	13610000	0.783097
10665251	13620000	0.783058
10672564	13630000	0.78302
10679945	13640000	0.782987
10687520	13650000	0.782968
10694754	13660000	0.782925
10702091	13670000	0.782889
10709471	13680000	0.782856
10716870	13690000	0.782825
10724157	13700000	0.782785
10731504	13710000	0.78275
10738807	13720000	0.782712
10746191	13730000	0.78268
10753472	13740000	0.78264
10760840	13750000	0.782607
10768091	13760000	0.782565
10775405	13770000	0.782528
10782622	13780000	0.782483
10789941	13790000	0.782447
10797139	13800000	0.782401
10804379	13810000	0.782359
10811592	13820000	0.782315
10819031	13830000	0.782287
10826363	13840000	0.782252
10833742	13850000	0.78222
10841196	13860000	0.782193
10848628	13870000	0.782165
10856009	13880000	0.782133
10863361	13890000	0.782099
10870751	13900000	0.782068
10878187	13910000	0.782041
10885548	13920000	0.782008
10892954	13930000	0.781978
10900249	13940000	0.78194
10907640	13950000	0.78191
10914894	13960000	0.781869
10922299	13970000	0.78184
10929569	13980000	0.7818
10936812	13990000	0.781759
10944055	14000000	0.781718
10951461	14010000	0.781689
10958783	14020000	0.781654
10966159	14030000	0.781622
10973504	14040000	0.781589
10980875	14050000	0.781557
10988214	14060000	0.781523
10995592	14070000	0.781492
11002909	14080000	0.781457
11010286	14090000	0.781426
11017590	14100000	0.781389
11024977	14110000	0.781359
11032191	14120000	0.781317
11039510	14130000	0.781282
11046720	14140000	0.781239
11054057	14150000	0.781205
11061397	14160000	0.781172
11068702	14170000	0.781136
11075993	14180000	0.7811
11083343	14190000	0.781067
11090579	14200000	0.781027
11097932	14210000	0.780995
11105182	14220000	0.780955
11112517	14230000	0.780922
11119763	14240000	0.780882
11126952	14250000	0.780839
11134341	14260000	0.780809
11141683	14270000	0.780777
11148960	14280000	0.780739
11156331	14290000	0.780709
11163529	14300000	0.780666
11170921	14310000	0.780637
11178154	14320000	0.780597
11185377	14330000	0.780557
11192704	14340000	0.780523
11200005	14350000	0.780488
11207283	14360000	0.780451
11214543	14370000	0.780414
11221708	14380000	0.780369
11229067	14390000	0.780338
11236255	14400000	0.780295
11243416	14410000	0.780251
11250722	14420000	0.780217
11257951	14430000	0.780177
11265258	14440000	0.780143
11272507	14450000	0.780104
11279774	14460000	0.780067
11287041	14470000	0.78003
11294209	14480000	0.779987
11301342	14490000	0.779941
11308627	14500000	0.779905
11315872	14510000	0.779867
11323088	14520000	0.779827
11330372	14530000	0.779792
11337552	14540000	0.779749
11344902	14550000	0.779718
11352168	14560000	0.779682
11359378	14570000	0.779642
11366679	14580000	0.779608
11373821	14590000	0.779563
11381383	14600000	0.779547
11388824	14610000	0.779523
11395959	14620000	0.779477
11403102	14630000	0.779433
11410208	14640000	0.779386
11417457	14650000	0.779349
11424864	14660000	0.779322
11432013	14670000	0.779278
11439279	14680000	0.779242
11446310	14690000	0.779191
11453414	14700000	0.779144
11460488	14710000	0.779095
11467692	14720000	0.779055
11475165	14730000	0.779034
11482471	14740000	0.779001
11489674	14750000	0.778961
11496824	14760000	0.778918
11503977	14770000	0.778875
11511193	14780000	0.778836
11518336	14790000	0.778792
11525512	14800000	0.778751
11532652	14810000	0.778707
11539847	14820000	0.778667
11547001	14830000	0.778624
11554384	14840000	0.778597
11561508	14850000	0.778553
11568779	14860000	0.778518
11576061	14870000	0.778484
11583249	14880000	0.778444
11590483	14890000	0.778407
11597788	14900000	0.778375
11605272	14910000	0.778355
11612494	14920000	0.778317
11619691	14930000	0.778278
11626893	14940000	0.778239
11634406	14950000	0.778221
11641651	14960000	0.778185
11649176	14970000	0.778168
11656427	14980000	0.778133
11663419	14990000	0.77808
11670770	15000000	0.778051
11678096	15010000	0.778021
11685228	15020000	0.777978
11692446	15030000	0.777941
11700125	15040000	0.777934
11707677	15050000	0.777919
11715182	15060000	0.777901
11722657	15070000	0.77788
11729880	15080000	0.777844
11737356	15090000	0.777823
11744778	15100000	0.7778
11752121	15110000	0.777771
11759509	15120000	0.777745
11767218	15130000	0.777741
11774842	15140000	0.777731
11782430	15150000	0.777718
11789916	15160000	0.777699
11797431	15170000	0.777682
11804948	15180000	0.777665
11812603	15190000	0.777657
11820168	15200000	0.777643
11827691	15210000	0.777626
11835394	15220000	0.777621
11842707	15230000	0.777591
11850345	15240000	0.777582
11857536	15250000	0.777543
11864626	15260000	0.777498
11871726	15270000	0.777454
11878887	15280000	0.777414
11886141	15290000	0.77738
11893427	15300000	0.777348
11900716	15310000	0.777317
11908200	15320000	0.777298
11915629	15330000	0.777275
11923040	15340000	0.777252
11930446	15350000	0.777228
11937999	15360000	0.777213
11945327	15370000	0.777185
11952794	15380000	0.777165
11960019	15390000	0.777129
11967601	15400000	0.777117
11974940	15410000	0.777089
11982230	15420000	0.777058
11989520	15430000	0.777027
11996796	15440000	0.776995
12004105	15450000	0.776965
12011583	15460000	0.776946
12018871	15470000	0.776915
12026074	15480000	0.776878
12033613	15490000	0.776863
12040952	15500000	0.776836
12048183	15510000	0.776801
12055780	15520000	0.77679
12063097	15530000	0.776761
12070343	15540000	0.776727
12077460	15550000	0.776686
12084623	15560000	0.776647
12091937	15570000	0.776618
12099145	15580000	0.776582
12106477	15590000	0.776554
12113725	15600000	0.776521
12121409	15610000	0.776516
12129061	15620000	0.776508
12136298	15630000	0.776475
12143934	15640000	0.776466
12151525	15650000	0.776455
12158697	15660000	0.776417
12165888	15670000	0.776381
12173173	15680000	0.77635
12180425	15690000	0.776318
12187728	15700000	0.776288
12194958	15710000	0.776254
12202232	15720000	0.776223
12209563	15730000	0.776196
12216873	15740000	0.776167
12224071	15750000	0.776131
12231153	15760000	0.776088
12238478	15770000	0.776061
12245849	15780000	0.776036
12252958	15790000	0.775995
12260778	15800000	0.775999
12268557	15810000	0.776
12276266	15820000	0.775997
12283603	15830000	0.77597
12290991	15840000	0.775946
12298328	15850000	0.77592
12305463	15860000	0.77588
12312857	15870000	0.775857
12320629	15880000	0.775858
12328309	15890000	0.775853
12335647	15900000	0.775827
12342706	15910000	0.775783
12349855	15920000	0.775745
12357476	15930000	0.775736
12364867	15940000	0.775713
12371946	15950000	0.775671
12379272	15960000	0.775644
12386267	15970000	0.775596
12393283	15980000	0.77555
12400485	15990000	0.775515
12407760	16000000	0.775485
12415031	16010000	0.775455
12422245	16020000	0.775421
12429485	16030000	0.775389
12436830	16040000	0.775363
12444278	16050000	0.775344
12451422	16060000	0.775306
12458698	16070000	0.775277
12465824	16080000	0.775238
12473025	16090000	0.775204
12480197	16100000	0.775168
12487385	16110000	0.775133
12494747	16120000	0.775108
12502055	16130000	0.775081
12509374	16140000	0.775054
12516677	16150000	0.775026
12524242	16160000	0.775015
12531651	16170000	0.774994
12539048	16180000	0.774972
12546392	16190000	0.774947
12553814	16200000	0.774927
12561219	16210000	0.774906
12568589	16220000	0.774882
12575842	16230000	0.774852
12583167	16240000	0.774826
12590235	16250000	0.774784
12597804	16260000	0.774773
12605191	16270000	0.774751
12612547	16280000	0.774726
12620058	16290000	0.774712
12627635	16300000	0.774702
12635256	16310000	0.774694
12642407	16320000	0.774657
12649526	16330000	0.774619
12656850	16340000	0.774593
12663970	16350000	0.774555
12671241	16360000	0.774526
12678234	16370000	0.77448
12685453	16380000	0.774448
12692568	16390000	0.774409
12699741	16400000	0.774374
12706886	16410000	0.774338
12711579 / 16416279
0.774328
