Running branch predictor simulation using Local predictor with file: project/branch-trace-gcc.trace
8517	10000	0.8517
16970	20000	0.8485
25514	30000	0.850467
34096	40000	0.8524
42976	50000	0.85952
51714	60000	0.8619
60635	70000	0.866214
69771	80000	0.872138
79390	90000	0.882111
88839	100000	0.88839
98400	110000	0.894545
108047	120000	0.900392
117933	130000	0.907177
127838	140000	0.913129
137658	150000	0.91772
146565	160000	0.916031
154839	170000	0.910818
162946	180000	0.905256
171226	190000	0.901189
179931	200000	0.899655
188694	210000	0.898543
196754	220000	0.894336
205612	230000	0.893965
214203	240000	0.892513
222968	250000	0.891872
231982	260000	0.892238
240594	270000	0.891089
248529	280000	0.887604
256856	290000	0.88571
265871	300000	0.886237
274231	310000	0.884616
283367	320000	0.885522
292357	330000	0.88593
301146	340000	0.885724
309896	350000	0.885417
318158	360000	0.883772
326604	370000	0.882714
335335	380000	0.882461
343681	390000	0.881233
352193	400000	0.880482
360829	410000	0.880071
369252	420000	0.879171
377765	430000	0.878523
386213	440000	0.877757
394665	450000	0.877033
403165	460000	0.876446
411997	470000	0.876589
421162	480000	0.877421
429955	490000	0.877459
438717	500000	0.877434
446773	510000	0.876025
455426	520000	0.875819
463740	530000	0.874981
472161	540000	0.874372
480797	550000	0.874176
489356	560000	0.87385
498129	570000	0.873911
506884	580000	0.873938
515563	590000	0.873836
523960	600000	0.873267
532521	610000	0.872985
540768	620000	0.872206
549679	630000	0.872506
558160	640000	0.872125
567083	650000	0.872435
575364	660000	0.871764
584193	670000	0.87193
592711	680000	0.871634
601293	690000	0.871439
609565	700000	0.870807
618170	710000	0.870662
626660	720000	0.870361
635146	730000	0.870063
643726	740000	0.8699
652461	750000	0.869948
660930	760000	0.869645
669335	770000	0.869266
677970	780000	0.869192
686549	790000	0.869049
695335	800000	0.869169
703552	810000	0.868583
712042	820000	0.868344
720793	830000	0.868425
728912	840000	0.867752
737461	850000	0.867601
746014	860000	0.867458
754480	870000	0.867218
762823	880000	0.866844
771739	890000	0.867122
780668	900000	0.867409
789299	910000	0.867362
797573	920000	0.866927
805761	930000	0.86641
814578	940000	0.866572
823587	950000	0.866934
832652	960000	0.867346
841677	970000	0.867708
850534	980000	0.867892
859444	990000	0.868125
868471	1000000	0.868471
877204	1010000	0.868519
885641	1020000	0.868275
894370	1030000	0.86832
902733	1040000	0.868012
911327	1050000	0.86793
919274	1060000	0.86724
927124	1070000	0.866471
935315	1080000	0.866032
943352	1090000	0.865461
951883	1100000	0.865348
959685	1110000	0.864581
968126	1120000	0.864398
975683	1130000	0.863436
983575	1140000	0.862785
991408	1150000	0.862094
999580	1160000	0.861707
1007591	1170000	0.861189
1016025	1180000	0.861038
1024782	1190000	0.861161
1033516	1200000	0.861263
1041702	1210000	0.860911
1051072	1220000	0.861534
1060218	1230000	0.861966
1068811	1240000	0.861944
1076840	1250000	0.861472
1085567	1260000	0.861561
1093899	1270000	0.861338
1102261	1280000	0.861141
1109388	1290000	0.859991
1117015	1300000	0.859242
1124664	1310000	0.858522
1132312	1320000	0.857812
1139923	1330000	0.857085
1147589	1340000	0.85641
1155248	1350000	0.855739
1162882	1360000	0.85506
1170402	1370000	0.854308
1179695	1380000	0.854851
1187278	1390000	0.854157
1195239	1400000	0.853742
1203421	1410000	0.85349
1211044	1420000	0.852848
1218787	1430000	0.852299
1226725	1440000	0.851892
1234792	1450000	0.851581
1242800	1460000	0.851233
1250976	1470000	0.851004
1258470	1480000	0.850318
1266439	1490000	0.849959
1274456	1500000	0.849637
1282467	1510000	0.849316
1290297	1520000	0.84888
1297938	1530000	0.848325
1305597	1540000	0.84779
1313087	1550000	0.847153
1320771	1560000	0.846648
1328240	1570000	0.846013
1336034	1580000	0.845591
1343541	1590000	0.844994
1351395	1600000	0.844622
1359044	1610000	0.844127
1366858	1620000	0.84374
1374578	1630000	0.843299
1382425	1640000	0.842942
1390142	1650000	0.84251
1397570	1660000	0.84191
1405213	1670000	0.841445
1412852	1680000	0.840983
1420450	1690000	0.840503
1427802	1700000	0.839884
1435503	1710000	0.839475
1443111	1720000	0.839018
1450790	1730000	0.838607
1458571	1740000	0.838259
1466244	1750000	0.837854
1473954	1760000	0.837474
1481670	1770000	0.837102
1489385	1780000	0.836733
1497048	1790000	0.83634
1504864	1800000	0.836036
1512523	1810000	0.835648
1520193	1820000	0.835271
1527979	1830000	0.834961
1535684	1840000	0.834611
1543504	1850000	0.834326
1551329	1860000	0.834048
1559072	1870000	0.833728
1566688	1880000	0.833345
1574515	1890000	0.833077
1582246	1900000	0.832761
1589996	1910000	0.832459
1597629	1920000	0.832098
1605294	1930000	0.831759
1613111	1940000	0.831501
1620571	1950000	0.831062
1628152	1960000	0.83069
1635876	1970000	0.830394
1643937	1980000	0.830271
1651670	1990000	0.829985
1659328	2000000	0.829664
1666891	2010000	0.829299
1674447	2020000	0.828934
1682064	2030000	0.828603
1689549	2040000	0.82821
1697222	2050000	0.827913
1704784	2060000	0.827565
1712429	2070000	0.82726
1719953	2080000	0.8269
1727629	2090000	0.826617
1735195	2100000	0.826283
1743255	2110000	0.826187
1750754	2120000	0.825827
1758470	2130000	0.825573
1765913	2140000	0.825193
1773726	2150000	0.824989
1781394	2160000	0.824719
1789156	2170000	0.824496
1796965	2180000	0.824296
1804690	2190000	0.824059
1812925	2200000	0.824057
1821709	2210000	0.824303
1829242	2220000	0.823983
1836670	2230000	0.823619
1844158	2240000	0.823285
1851774	2250000	0.823011
1859302	2260000	0.8227
1866824	2270000	0.822389
1874371	2280000	0.822093
1881838	2290000	0.821763
1889558	2300000	0.821547
1897002	2310000	0.821213
1905044	2320000	0.82114
1912760	2330000	0.820927
1920582	2340000	0.820762
1928277	2350000	0.820543
1936093	2360000	0.820378
1943823	2370000	0.820178
1951803	2380000	0.820085
1959577	2390000	0.819907
1967270	2400000	0.819696
1974800	2410000	0.819419
1982537	2420000	0.81923
1990175	2430000	0.819002
1997977	2440000	0.818843
2005815	2450000	0.8187
2013489	2460000	0.818491
2021245	2470000	0.818318
2029323	2480000	0.818275
2036699	2490000	0.817951
2044250	2500000	0.8177
2052038	2510000	0.817545
2059741	2520000	0.817358
2067330	2530000	0.817126
2074958	2540000	0.816913
2082590	2550000	0.816702
2090336	2560000	0.816538
2098212	2570000	0.816425
2105765	2580000	0.816188
2113269	2590000	0.815934
2120953	2600000	0.815751
2128654	2610000	0.815576
2136172	2620000	0.815333
2143693	2630000	0.815092
2151506	2640000	0.814964
2159250	2650000	0.814811
2166934	2660000	0.814637
2174854	2670000	0.814552
2182683	2680000	0.814434
2190053	2690000	0.814146
2197798	2700000	0.813999
2205356	2710000	0.813785
2212970	2720000	0.813592
2220610	2730000	0.81341
2228289	2740000	0.813244
2236033	2750000	0.813103
2243558	2760000	0.812883
2251117	2770000	0.812678
2259011	2780000	0.812594
2266747	2790000	0.812454
2274398	2800000	0.812285
2281969	2810000	0.812089
2289479	2820000	0.811872
2297032	2830000	0.811672
2304610	2840000	0.811482
2312153	2850000	0.811282
2319903	2860000	0.811155
2327529	2870000	0.810986
2335206	2880000	0.810835
2342871	2890000	0.810682
2350500	2900000	0.810517
2358128	2910000	0.810353
2365692	2920000	0.810168
2374296	2930000	0.81034
2383684	2940000	0.810777
2393197	2950000	0.811253
2402898	2960000	0.81179
2412392	2970000	0.812253
2421783	2980000	0.812679
2431468	2990000	0.8132
2440927	3000000	0.813642
2450401	3010000	0.814087
2459923	3020000	0.814544
2469308	3030000	0.814953
2478773	3040000	0.815386
2488331	3050000	0.815846
2498040	3060000	0.816353
2507537	3070000	0.816787
2516988	3080000	0.817204
2526672	3090000	0.817693
2536150	3100000	0.818113
2545663	3110000	0.818541
2555218	3120000	0.81898
2562971	3130000	0.818841
2570629	3140000	0.818672
2578295	3150000	0.818506
2585962	3160000	0.818342
2593502	3170000	0.818139
2601105	3180000	0.817958
2608527	3190000	0.81772
2616182	3200000	0.817557
2623749	3210000	0.817367
2631314	3220000	0.817178
2638947	3230000	0.817011
2646481	3240000	0.816815
2653842	3250000	0.816567
2661584	3260000	0.816437
2669017	3270000	0.816213
2676775	3280000	0.81609
2684467	3290000	0.815947
2692221	3300000	0.815825
2699868	3310000	0.81567
2707770	3320000	0.815593
2715215	3330000	0.81538
2722774	3340000	0.815202
2730325	3350000	0.815022
2738056	3360000	0.814898
2746994	3370000	0.815132
2756072	3380000	0.815406
2765217	3390000	0.815698
2774027	3400000	0.81589
2783085	3410000	0.816154
2791930	3420000	0.816354
2800925	3430000	0.816596
2809734	3440000	0.816783
2818582	3450000	0.81698
2827721	3460000	0.81726
2837019	3470000	0.817585
2846012	3480000	0.81782
2855362	3490000	0.818155
2864458	3500000	0.818417
2873536	3510000	0.818671
2882669	3520000	0.81894
2891413	3530000	0.819097
2900076	3540000	0.819231
2909233	3550000	0.819502
2917753	3560000	0.819594
2926678	3570000	0.819798
2935393	3580000	0.819942
2944028	3590000	0.820064
2952799	3600000	0.820222
2961438	3610000	0.820343
2970272	3620000	0.820517
2979437	3630000	0.820782
2988275	3640000	0.820955
2997300	3650000	0.821178
3005838	3660000	0.821267
3014344	3670000	0.821347
3022890	3680000	0.821438
3031854	3690000	0.821641
3040578	3700000	0.821778
3049106	3710000	0.821861
3057410	3720000	0.821884
3066207	3730000	0.822039
3074361	3740000	0.822022
3082564	3750000	0.822017
3090862	3760000	0.822038
3099259	3770000	0.822085
3107182	3780000	0.822006
3115216	3790000	0.821957
3123694	3800000	0.822025
3131735	3810000	0.821978
3140362	3820000	0.822084
3149355	3830000	0.822286
3157839	3840000	0.822354
3166361	3850000	0.822431
3174954	3860000	0.822527
3183611	3870000	0.822639
3192352	3880000	0.822771
3201390	3890000	0.822979
3209939	3900000	0.823061
3218659	3910000	0.823186
3227281	3920000	0.823286
3235969	3930000	0.823402
3245190	3940000	0.823652
3253785	3950000	0.823743
3263017	3960000	0.823994
3271619	3970000	0.824085
3280586	3980000	0.824268
3289571	3990000	0.824454
3298226	4000000	0.824557
3307090	4010000	0.824711
3315914	4020000	0.824854
3324887	4030000	0.825034
3334238	4040000	0.825306
3343187	4050000	0.825478
3352040	4060000	0.825626
3361091	4070000	0.825821
3369985	4080000	0.825977
3378853	4090000	0.826125
3387938	4100000	0.826326
3397206	4110000	0.826571
3406454	4120000	0.826809
3415606	4130000	0.827023
3424888	4140000	0.827268
3434066	4150000	0.827486
3443215	4160000	0.827696
3452435	4170000	0.827922
3461738	4180000	0.828167
3470961	4190000	0.828392
3480178	4200000	0.828614
3489448	4210000	0.828848
3498633	4220000	0.82906
3507838	4230000	0.829276
3517345	4240000	0.829562
3525148	4250000	0.829447
3532688	4260000	0.829269
3540363	4270000	0.829125
3547321	4280000	0.828813
3554630	4290000	0.828585
3562385	4300000	0.828462
3569967	4310000	0.828299
3578115	4320000	0.828267
3585144	4330000	0.827978
3591936	4340000	0.827635
3599026	4350000	0.827362
3605760	4360000	0.827009
3612499	4370000	0.826659
3619282	4380000	0.82632
3626093	4390000	0.825989
3632837	4400000	0.825645
3639691	4410000	0.825327
3646485	4420000	0.824997
3653381	4430000	0.824691
3660183	4440000	0.824366
3666831	4450000	0.824007
3673708	4460000	0.823701
3680419	4470000	0.82336
3687196	4480000	0.823035
3694081	4490000	0.822735
3701043	4500000	0.822454
3707731	4510000	0.822113
3714758	4520000	0.821849
3721806	4530000	0.821591
3728694	4540000	0.821298
3735855	4550000	0.821067
3742873	4560000	0.820805
3749686	4570000	0.8205
3756879	4580000	0.820279
3763919	4590000	0.820026
3770912	4600000	0.819763
3777879	4610000	0.819497
3784941	4620000	0.819251
3791928	4630000	0.818991
3799098	4640000	0.818771
3806196	4650000	0.818537
3813128	4660000	0.818268
3820185	4670000	0.818027
3827183	4680000	0.817774
3834032	4690000	0.817491
3840944	4700000	0.817222
3848111	4710000	0.817009
3854995	4720000	0.816736
3861978	4730000	0.816486
3868884	4740000	0.81622
3875796	4750000	0.815957
3882727	4760000	0.815699
3889521	4770000	0.815413
3896400	4780000	0.815146
3903191	4790000	0.814862
3910294	4800000	0.814645
3917371	4810000	0.814422
3924776	4820000	0.814269
3932070	4830000	0.814093
3939223	4840000	0.813889
3946463	4850000	0.813704
3953818	4860000	0.813543
3961026	4870000	0.813352
3968306	4880000	0.813177
3975347	4890000	0.812954
3982656	4900000	0.812787
3989884	4910000	0.812604
3996899	4920000	0.812378
4004025	4930000	0.812175
4011113	4940000	0.811966
4018055	4950000	0.811728
4025426	4960000	0.811578
4032939	4970000	0.811457
4040361	4980000	0.811317
4047531	4990000	0.811128
4054972	5000000	0.810994
4062401	5010000	0.810858
4069735	5020000	0.810704
4077070	5030000	0.810551
4084303	5040000	0.810378
4091416	5050000	0.810181
4098531	5060000	0.809986
4105527	5070000	0.809769
4112823	5080000	0.809611
4120318	5090000	0.809493
4127393	5100000	0.809293
4134902	5110000	0.809178
4141994	5120000	0.808983
4149232	5130000	0.808817
4156375	5140000	0.808633
4163409	5150000	0.808429
4170710	5160000	0.808277
4177831	5170000	0.808091
4185152	5180000	0.807944
4192217	5190000	0.807749
4199340	5200000	0.807565
4206337	5210000	0.807358
4213438	5220000	0.807172
4220513	5230000	0.806981
4227868	5240000	0.806845
4234800	5250000	0.806629
4242114	5260000	0.806486
4249473	5270000	0.806352
4256832	5280000	0.806218
4264003	5290000	0.80605
4271278	5300000	0.805902
4278626	5310000	0.805768
4286039	5320000	0.805646
4293385	5330000	0.805513
4300573	5340000	0.805351
4307962	5350000	0.805227
4315313	5360000	0.805096
4322713	5370000	0.804974
4330070	5380000	0.804846
4337405	5390000	0.804713
4344605	5400000	0.804556
4351990	5410000	0.804434
4359393	5420000	0.804316
4366617	5430000	0.804165
4373898	5440000	0.804025
4381265	5450000	0.803902
4388606	5460000	0.803774
4395755	5470000	0.803612
4403125	5480000	0.80349
4410318	5490000	0.803337
4417564	5500000	0.803193
4424755	5510000	0.803041
4431934	5520000	0.802887
4439052	5530000	0.802722
4446071	5540000	0.80254
4453384	5550000	0.802412
4460599	5560000	0.802266
4467979	5570000	0.802151
4475309	5580000	0.802027
4482765	5590000	0.801926
4489820	5600000	0.801754
4497323	5610000	0.801662
4504631	5620000	0.801536
4511966	5630000	0.801415
4519387	5640000	0.80131
4526724	5650000	0.80119
4534186	5660000	0.801093
4541563	5670000	0.800981
4548922	5680000	0.800867
4556331	5690000	0.800761
4563672	5700000	0.800644
4570903	5710000	0.800508
4578287	5720000	0.8004
4585657	5730000	0.800289
4592912	5740000	0.800159
4600261	5750000	0.800045
4607624	5760000	0.799935
4614848	5770000	0.7998
4622117	5780000	0.799674
4629533	5790000	0.799574
4636655	5800000	0.799423
4643950	5810000	0.799303
4651117	5820000	0.799161
4658410	5830000	0.799041
4665461	5840000	0.79888
4672515	5850000	0.798721
4679949	5860000	0.798626
4687167	5870000	0.798495
4694507	5880000	0.798386
4701935	5890000	0.798291
4709454	5900000	0.798213
4716723	5910000	0.798092
4723926	5920000	0.79796
4731235	5930000	0.797847
4738639	5940000	0.797751
4746141	5950000	0.797671
4753579	5960000	0.79758
4760777	5970000	0.79745
4768091	5980000	0.79734
4775498	5990000	0.797245
4782918	6000000	0.797153
4790170	6010000	0.797033
4797448	6020000	0.796918
4804823	6030000	0.79682
4812157	6040000	0.796715
4819447	6050000	0.796603
4826729	6060000	0.79649
4834114	6070000	0.796394
4841388	6080000	0.796281
4848654	6090000	0.796167
4855945	6100000	0.796057
4863172	6110000	0.795936
4870453	6120000	0.795826
4877617	6130000	0.795696
4884818	6140000	0.795573
4891912	6150000	0.795433
4898974	6160000	0.795288
4906367	6170000	0.795197
4913617	6180000	0.795084
4921003	6190000	0.794992
4928453	6200000	0.794912
4935922	6210000	0.794834
4943014	6220000	0.794697
4950449	6230000	0.794615
4957692	6240000	0.794502
4965089	6250000	0.794414
4972555	6260000	0.794338
4979944	6270000	0.794249
4987308	6280000	0.794157
4994640	6290000	0.79406
5002055	6300000	0.793977
5009511	6310000	0.7939
5016877	6320000	0.79381
5024042	6330000	0.793688
5031399	6340000	0.793596
5038884	6350000	0.793525
5046234	6360000	0.793433
5053533	6370000	0.793333
5060940	6380000	0.793251
5068329	6390000	0.793166
5075450	6400000	0.793039
5082821	6410000	0.792952
5090082	6420000	0.792848
5097326	6430000	0.792741
5104577	6440000	0.792636
5111750	6450000	0.792519
5118897	6460000	0.792399
5125990	6470000	0.79227
5133253	6480000	0.792169
5140464	6490000	0.792059
5147779	6500000	0.791966
5155193	6510000	0.791888
5162645	6520000	0.791817
5169830	6530000	0.791704
5177266	6540000	0.791631
5184519	6550000	0.79153
5191892	6560000	0.791447
5199330	6570000	0.791374
5206694	6580000	0.791291
5213881	6590000	0.791181
5221278	6600000	0.791103
5228731	6610000	0.791033
5235911	6620000	0.790923
5243152	6630000	0.790822
5250545	6640000	0.790745
5257839	6650000	0.790652
5265038	6660000	0.790546
5272405	6670000	0.790466
5279558	6680000	0.790353
5286781	6690000	0.790251
5293939	6700000	0.79014
5301161	6710000	0.790039
5308261	6720000	0.78992
5315275	6730000	0.789788
5322638	6740000	0.789709
5329910	6750000	0.789616
5337281	6760000	0.789539
5344732	6770000	0.789473
5351997	6780000	0.78938
5359280	6790000	0.78929
5366535	6800000	0.789196
5373923	6810000	0.789122
5381260	6820000	0.789041
5388606	6830000	0.788961
5395915	6840000	0.788876
5403299	6850000	0.788803
5410544	6860000	0.788709
5417840	6870000	0.788623
5425255	6880000	0.788555
5432350	6890000	0.78844
5439692	6900000	0.788361
5446807	6910000	0.78825
5454124	6920000	0.788168
5461183	6930000	0.788049
5468279	6940000	0.787936
5475593	6950000	0.787855
5482822	6960000	0.787762
5490160	6970000	0.787684
5497478	6980000	0.787604
5504884	6990000	0.787537
5512063	7000000	0.787438
5519406	7010000	0.787362
5526771	7020000	0.787289
5533975	7030000	0.787194
5541341	7040000	0.787122
5548492	7050000	0.78702
5555761	7060000	0.786935
5562992	7070000	0.786845
5570264	7080000	0.78676
5577381	7090000	0.786655
5584539	7100000	0.786555
5591828	7110000	0.786474
5599025	7120000	0.78638
5606355	7130000	0.786305
5613520	7140000	0.786207
5620892	7150000	0.786139
5628102	7160000	0.786048
5635398	7170000	0.785969
5642526	7180000	0.785867
5649824	7190000	0.785789
5657003	7200000	0.785695
5664210	7210000	0.785605
5671336	7220000	0.785504
5678406	7230000	0.785395
5685581	7240000	0.785301
5692827	7250000	0.785218
5699974	7260000	0.78512
5707239	7270000	0.78504
5714433	7280000	0.78495
5721533	7290000	0.784847
5728713	7300000	0.784755
5735783	7310000	0.784649
5742848	7320000	0.784542
5750086	7330000	0.784459
5757229	7340000	0.784364
5764342	7350000	0.784264
5771509	7360000	0.784172
5778679	7370000	0.784081
5785810	7380000	0.783985
5792866	7390000	0.783879
5800009	7400000	0.783785
5807082	7410000	0.783682
5814149	7420000	0.783578
5821176	7430000	0.783469
5828397	7440000	0.783387
5835390	7450000	0.783274
5842441	7460000	0.783169
5849472	7470000	0.783062
5856573	7480000	0.782964
5863545	7490000	0.78285
5870557	7500000	0.782741
5877614	7510000	0.782638
5884566	7520000	0.782522
5891674	7530000	0.782427
5898871	7540000	0.782344
5905876	7550000	0.782235
5912865	7560000	0.782125
5919972	7570000	0.782031
5926975	7580000	0.781923
5934116	7590000	0.781833
5941082	7600000	0.781721
5948012	7610000	0.781605
5955019	7620000	0.781499
5961898	7630000	0.781376
5968708	7640000	0.781245
5975746	7650000	0.781143
5982720	7660000	0.781034
5989617	7670000	0.780915
5996477	7680000	0.780791
6003479	7690000	0.780686
6010498	7700000	0.780584
6017331	7710000	0.780458
6024128	7720000	0.780327
6030964	7730000	0.780202
6037887	7740000	0.780089
6044707	7750000	0.779962
6051529	7760000	0.779836
6058152	7770000	0.779685
6065034	7780000	0.779567
6071810	7790000	0.779436
6078688	7800000	0.779319
6085440	7810000	0.779186
6092253	7820000	0.77906
6099347	7830000	0.778972
6105942	7840000	0.778819
6112722	7850000	0.778691
6119571	7860000	0.778571
6126468	7870000	0.778458
6133075	7880000	0.778309
6140051	7890000	0.778207
6147066	7900000	0.77811
6154001	7910000	0.778003
6161016	7920000	0.777906
6168041	7930000	0.777811
6175070	7940000	0.777717
6181845	7950000	0.777591
6188936	7960000	0.777505
6195970	7970000	0.777412
6202935	7980000	0.77731
6209794	7990000	0.777196
6216675	8000000	0.777084
6223560	8010000	0.776974
6230774	8020000	0.776904
6237911	8030000	0.776826
6244935	8040000	0.776733
6251875	8050000	0.77663
6259244	8060000	0.776581
6266240	8070000	0.776486
6273124	8080000	0.776377
6280008	8090000	0.776268
6287279	8100000	0.776207
6294211	8110000	0.776105
6301118	8120000	0.776
6307817	8130000	0.775869
6314745	8140000	0.775767
6321798	8150000	0.775681
6328803	8160000	0.775589
6335669	8170000	0.77548
6342489	8180000	0.775365
6349371	8190000	0.775259
6356501	8200000	0.775183
6363573	8210000	0.7751
6370638	8220000	0.775017
6377574	8230000	0.774918
6384764	8240000	0.77485
6391873	8250000	0.774772
6398753	8260000	0.774667
6405867	8270000	0.774591
6412997	8280000	0.774517
6420079	8290000	0.774437
6427176	8300000	0.774359
6434402	8310000	0.774296
6441484	8320000	0.774217
6448444	8330000	0.774123
6455604	8340000	0.774053
6462729	8350000	0.77398
6469990	8360000	0.773922
6477028	8370000	0.773838
6484013	8380000	0.773749
6491243	8390000	0.773688
6498126	8400000	0.773586
6505266	8410000	0.773516
6511984	8420000	0.773395
6518851	8430000	0.773292
6525865	8440000	0.773207
6532854	8450000	0.773119
6539821	8460000	0.773028
6546779	8470000	0.772937
6553731	8480000	0.772846
6560647	8490000	0.77275
6567727	8500000	0.772674
6574677	8510000	0.772582
6581876	8520000	0.772521
6588994	8530000	0.772449
6595944	8540000	0.772359
6602781	8550000	0.772255
6609990	8560000	0.772195
6617363	8570000	0.772154
6624147	8580000	0.772045
6630953	8590000	0.771939
6638095	8600000	0.771872
6645327	8610000	0.771815
6652225	8620000	0.77172
6658880	8630000	0.771597
6665511	8640000	0.771471
6672485	8650000	0.771386
6679392	8660000	0.771292
6686309	8670000	0.771201
6693370	8680000	0.771126
6700274	8690000	0.771033
6707315	8700000	0.770956
6714494	8710000	0.770895
6721512	8720000	0.770816
6728348	8730000	0.770716
6735582	8740000	0.770662
6742811	8750000	0.770607
6749637	8760000	0.770507
6756329	8770000	0.770391
6763270	8780000	0.770304
6769998	8790000	0.770193
6777046	8800000	0.770119
6783887	8810000	0.770021
6790782	8820000	0.76993
6797526	8830000	0.769822
6804482	8840000	0.769738
6811407	8850000	0.769651
6818030	8860000	0.769529
6824803	8870000	0.769425
6831501	8880000	0.769313
6838387	8890000	0.769222
6845322	8900000	0.769137
6852158	8910000	0.769041
6858996	8920000	0.768946
6866052	8930000	0.768875
6872855	8940000	0.768776
6879788	8950000	0.768691
6886638	8960000	0.768598
6893456	8970000	0.768501
6900289	8980000	0.768406
6907233	8990000	0.768324
6914151	9000000	0.768239
6921212	9010000	0.76817
6928129	9020000	0.768085
6934956	9030000	0.767991
6941901	9040000	0.767909
6948849	9050000	0.767829
6955731	9060000	0.767741
6962759	9070000	0.767669
6969757	9080000	0.767594
6976961	9090000	0.767542
6983825	9100000	0.767453
6990837	9110000	0.767381
6997897	9120000	0.767313
7005104	9130000	0.767262
7012215	9140000	0.767201
7019458	9150000	0.767154
7026564	9160000	0.767092
7033536	9170000	0.767016
7040449	9180000	0.766933
7047310	9190000	0.766845
7054332	9200000	0.766775
7061140	9210000	0.766682
7068107	9220000	0.766606
7075096	9230000	0.766533
7081925	9240000	0.766442
7088776	9250000	0.766354
7095612	9260000	0.766265
7102534	9270000	0.766185
7109533	9280000	0.766113
7116545	9290000	0.766044
7123384	9300000	0.765955
7130335	9310000	0.765879
7137449	9320000	0.765821
7144535	9330000	0.765759
7151328	9340000	0.765667
7158240	9350000	0.765587
7165078	9360000	0.7655
7172139	9370000	0.765436
7179203	9380000	0.765373
7186431	9390000	0.765328
7193544	9400000	0.765271
7200709	9410000	0.765219
7207424	9420000	0.765119
7214116	9430000	0.765018
7220814	9440000	0.764917
7227660	9450000	0.764832
7234675	9460000	0.764765
7241632	9470000	0.764692
7249047	9480000	0.764667
7257742	9490000	0.764778
7266600	9500000	0.764905
7275330	9510000	0.765019
7283950	9520000	0.765121
7292783	9530000	0.765245
7301395	9540000	0.765345
7310021	9550000	0.765447
7318739	9560000	0.765558
7327172	9570000	0.76564
7336028	9580000	0.765765
7345101	9590000	0.765913
7353977	9600000	0.766039
7363192	9610000	0.766201
7372043	9620000	0.766325
7380798	9630000	0.766438
7390025	9640000	0.7666
7398961	9650000	0.766732
7407593	9660000	0.766832
7416311	9670000	0.76694
7424849	9680000	0.76703
7433880	9690000	0.76717
7442820	9700000	0.767301
7451461	9710000	0.767401
7460222	9720000	0.767513
7468982	9730000	0.767624
7477921	9740000	0.767754
7486612	9750000	0.767858
7495108	9760000	0.767941
7503975	9770000	0.768063
7513244	9780000	0.768225
7522091	9790000	0.768344
7530291	9800000	0.768397
7538804	9810000	0.768482
7547894	9820000	0.768625
7556217	9830000	0.768689
7565343	9840000	0.768836
7573988	9850000	0.768933
7582593	9860000	0.769026
7591171	9870000	0.769116
7600267	9880000	0.769258
7608791	9890000	0.769342
7617033	9900000	0.769397
7625994	9910000	0.769525
7635223	9920000	0.76968
7644328	9930000	0.769822
7653423	9940000	0.769962
7662746	9950000	0.770125
7672029	9960000	0.770284
7680843	9970000	0.770395
7689673	9980000	0.770508
7698796	9990000	0.77065
7707860	10000000	0.770786
7716841	10010000	0.770913
7725467	10020000	0.771005
7734390	10030000	0.771126
7743653	10040000	0.77128
7752680	10050000	0.771411
7761909	10060000	0.771562
7771324	10070000	0.77173
7780534	10080000	0.771878
7789643	10090000	0.772016
7798063	10100000	0.772085
7806873	10110000	0.772193
7814887	10120000	0.772222
7823653	10130000	0.772325
7831921	10140000	0.772379
7840556	10150000	0.772469
7849348	10160000	0.772574
7858255	10170000	0.77269
7866825	10180000	0.772773
7875562	10190000	0.772872
7884366	10200000	0.772977
7893534	10210000	0.773118
7902580	10220000	0.773247
7911467	10230000	0.773359
7920361	10240000	0.773473
7929378	10250000	0.773598
7938431	10260000	0.773726
7947524	10270000	0.773858
7956703	10280000	0.773998
7965898	10290000	0.77414
7975116	10300000	0.774283
7984329	10310000	0.774426
7993556	10320000	0.774569
8002698	10330000	0.774705
8012081	10340000	0.774863
8021182	10350000	0.774993
8030387	10360000	0.775134
8039447	10370000	0.77526
8048664	10380000	0.775401
8057925	10390000	0.775546
8067218	10400000	0.775694
8076675	10410000	0.775857
8085415	10420000	0.775952
8093958	10430000	0.776027
8102755	10440000	0.776126
8111747	10450000	0.776244
8120850	10460000	0.776372
8129981	10470000	0.776502
8139303	10480000	0.776651
8148225	10490000	0.776761
8157665	10500000	0.77692
8167031	10510000	0.777072
8176294	10520000	0.777214
8185843	10530000	0.777383
8194718	10540000	0.777487
8203318	10550000	0.777566
8212686	10560000	0.777716
8222207	10570000	0.777881
8231720	10580000	0.778045
8240588	10590000	0.778148
8249148	10600000	0.778222
8258362	10610000	0.778356
8267020	10620000	0.778439
8275298	10630000	0.778485
8283360	10640000	0.778511
8291446	10650000	0.77854
8299904	10660000	0.778603
8308585	10670000	0.778687
8317096	10680000	0.778754
8325203	10690000	0.778784
8333681	10700000	0.778849
8342231	10710000	0.77892
8351416	10720000	0.77905
8360246	10730000	0.779147
8368850	10740000	0.779223
8378801	10750000	0.779423
8388749	10760000	0.779624
8398514	10770000	0.779806
8408308	10780000	0.779991
8418115	10790000	0.780177
8427923	10800000	0.780363
8437745	10810000	0.78055
8447542	10820000	0.780734
8457340	10830000	0.780918
8467146	10840000	0.781102
8476908	10850000	0.781282
8486678	10860000	0.781462
8496519	10870000	0.781648
8506299	10880000	0.781829
8516107	10890000	0.782012
8525970	10900000	0.782199
8535796	10910000	0.782383
8545596	10920000	0.782564
8555391	10930000	0.782744
8565223	10940000	0.782927
8575037	10950000	0.783108
8584869	10960000	0.783291
8594683	10970000	0.783472
8604483	10980000	0.783651
8614297	10990000	0.78383
8624128	11000000	0.784012
8633954	11010000	0.784192
8643777	11020000	0.784372
8653561	11030000	0.784548
8663337	11040000	0.784723
8673150	11050000	0.7849
8682950	11060000	0.785077
8692718	11070000	0.78525
8702563	11080000	0.78543
8712394	11090000	0.785608
8722217	11100000	0.785785
8732032	11110000	0.785961
8741858	11120000	0.786138
8751701	11130000	0.786316
8761533	11140000	0.786493
8770533	11150000	0.786595
8779531	11160000	0.786696
8788284	11170000	0.786776
8797776	11180000	0.786921
8807398	11190000	0.787078
8816979	11200000	0.78723
8826612	11210000	0.787387
8836203	11220000	0.78754
8845810	11230000	0.787695
8855418	11240000	0.787849
8865049	11250000	0.788004
8874643	11260000	0.788157
8884025	11270000	0.78829
8893409	11280000	0.788423
8902477	11290000	0.788528
8910993	11300000	0.788583
8920112	11310000	0.788692
8928617	11320000	0.788747
8937763	11330000	0.788858
8946388	11340000	0.788923
8955155	11350000	0.789
8963794	11360000	0.789066
8972534	11370000	0.789141
8981353	11380000	0.789223
8990348	11390000	0.789319
8999424	11400000	0.789423
9008430	11410000	0.789521
9017103	11420000	0.789589
9025714	11430000	0.789651
9034336	11440000	0.789715
9043325	11450000	0.78981
9051990	11460000	0.789877
9060585	11470000	0.789938
9069234	11480000	0.790003
9078144	11490000	0.790091
9086631	11500000	0.790142
9095321	11510000	0.79021
9104121	11520000	0.790288
9112821	11530000	0.790357
9121618	11540000	0.790435
9130475	11550000	0.790517
9139073	11560000	0.790577
9147704	11570000	0.79064
9156329	11580000	0.790702
9165095	11590000	0.790776
9173883	11600000	0.790852
9182898	11610000	0.790947
9191311	11620000	0.790991
9200532	11630000	0.791103
9208972	11640000	0.791149
9218083	11650000	0.791252
9226787	11660000	0.79132
9235529	11670000	0.791391
9244153	11680000	0.791451
9252947	11690000	0.791527
9262240	11700000	0.791644
9270160	11710000	0.791645
9277716	11720000	0.791614
9284928	11730000	0.791554
9292621	11740000	0.791535
9300283	11750000	0.791513
9307030	11760000	0.791414
9313800	11770000	0.791317
9320659	11780000	0.791227
9327333	11790000	0.791122
9334053	11800000	0.791021
9340855	11810000	0.790928
9347615	11820000	0.79083
9354454	11830000	0.79074
9361206	11840000	0.790642
9368049	11850000	0.790553
9374893	11860000	0.790463
9381665	11870000	0.790368
9388376	11880000	0.790267
9395274	11890000	0.790183
9401949	11900000	0.79008
9408862	11910000	0.789997
9415711	11920000	0.789909
9422715	11930000	0.789834
9429578	11940000	0.789747
9436643	11950000	0.789677
9443627	11960000	0.789601
9450431	11970000	0.78951
9457614	11980000	0.78945
9464558	11990000	0.789371
9471573	12000000	0.789298
9478393	12010000	0.789208
9485454	12020000	0.789139
9492458	12030000	0.789066
9499401	12040000	0.788987
9506259	12050000	0.788901
9513256	12060000	0.788827
9520144	12070000	0.788744
9526968	12080000	0.788656
9534027	12090000	0.788588
9540945	12100000	0.788508
9547869	12110000	0.788428
9554736	12120000	0.788345
9561545	12130000	0.788256
9568449	12140000	0.788175
9575202	12150000	0.788082
9582222	12160000	0.788012
9589456	12170000	0.787959
9596805	12180000	0.787915
9604229	12190000	0.787878
9611428	12200000	0.787822
9618826	12210000	0.787783
9626353	12220000	0.787754
9633550	12230000	0.787698
9641081	12240000	0.78767
9648279	12250000	0.787615
9655515	12260000	0.787562
9662607	12270000	0.787499
9669607	12280000	0.787427
9676572	12290000	0.787353
9683778	12300000	0.787299
9691287	12310000	0.787269
9698397	12320000	0.787208
9705652	12330000	0.787158
9713194	12340000	0.787131
9720351	12350000	0.787073
9727604	12360000	0.787023
9734769	12370000	0.786966
9741700	12380000	0.78689
9748700	12390000	0.78682
9755955	12400000	0.786771
9763114	12410000	0.786713
9770465	12420000	0.786672
9777573	12430000	0.786611
9784661	12440000	0.786548
9791610	12450000	0.786475
9798738	12460000	0.786416
9805856	12470000	0.786356
9812934	12480000	0.786293
9819944	12490000	0.786224
9826929	12500000	0.786154
9833958	12510000	0.786088
9841201	12520000	0.786038
9848392	12530000	0.785985
9855663	12540000	0.785938
9862939	12550000	0.785892
9870198	12560000	0.785844
9877402	12570000	0.785792
9884700	12580000	0.785747
9892023	12590000	0.785705
9899386	12600000	0.785666
9906689	12610000	0.785622
9913991	12620000	0.785578
9921291	12630000	0.785534
9928668	12640000	0.785496
9935921	12650000	0.785448
9943192	12660000	0.785402
9950528	12670000	0.785361
9957790	12680000	0.785315
9965137	12690000	0.785275
9972469	12700000	0.785234
9979771	12710000	0.78519
9987002	12720000	0.785142
9994334	12730000	0.785101
10001467	12740000	0.785045
10008785	12750000	0.785003
10015872	12760000	0.784943
10023036	12770000	0.784889
10030074	12780000	0.784826
10037383	12790000	0.784784
10044683	12800000	0.784741
10052027	12810000	0.784702
10059377	12820000	0.784663
10066656	12830000	0.784619
10074018	12840000	0.784581
10081321	12850000	0.784539
10088687	12860000	0.784501
10096097	12870000	0.784468
10103578	12880000	0.784439
10110763	12890000	0.784388
10118128	12900000	0.784351
10125544	12910000	0.784318
10132963	12920000	0.784285
10140192	12930000	0.784238
10147589	12940000	0.784203
10154926	12950000	0.784164
10162116	12960000	0.784114
10169502	12970000	0.784079
10176757	12980000	0.784034
10184093	12990000	0.783995
10191488	13000000	0.783961
10198694	13010000	0.783912
10206070	13020000	0.783876
10213232	13030000	0.783824
10220480	13040000	0.783779
10227555	13050000	0.783721
10234841	13060000	0.783678
10242066	13070000	0.783632
10249361	13080000	0.78359
10256712	13090000	0.783553
10264079	13100000	0.783517
10271474	13110000	0.783484
10278698	13120000	0.783437
10286008	13130000	0.783397
10293364	13140000	0.783361
10300752	13150000	0.783327
10308077	13160000	0.783289
10315339	13170000	0.783245
10322652	13180000	0.783206
10330166	13190000	0.783182
10337319	13200000	0.78313
10344646	13210000	0.783092
10352002	13220000	0.783056
10359255	13230000	0.783012
10366581	13240000	0.782974
10373951	13250000	0.78294
10381036	13260000	0.782884
10388345	13270000	0.782844
10395514	13280000	0.782795
10402800	13290000	0.782754
10409952	13300000	0.782703
10417122	13310000	0.782654
10424272	13320000	0.782603
10431517	13330000	0.782559
10438716	13340000	0.782512
10446067	13350000	0.782477
10453455	13360000	0.782444
10460793	13370000	0.782408
10468242	13380000	0.78238
10475459	13390000	0.782335
10482745	13400000	0.782294
10490129	13410000	0.782262
10497556	13420000	0.782232
10504856	13430000	0.782193
10512124	13440000	0.782152
10519546	13450000	0.782122
10526888	13460000	0.782087
10534133	13470000	0.782044
10541469	13480000	0.782008
10548875	13490000	0.781977
10556126	13500000	0.781935
10563402	13510000	0.781895
10570786	13520000	0.781863
10578017	13530000	0.781819
10585314	13540000	0.781781
10592534	13550000	0.781737
10599717	13560000	0.78169
10606941	13570000	0.781646
10614081	13580000	0.781597
10621155	13590000	0.781542
10628153	13600000	0.781482
10635515	13610000	0.781449
10642796	13620000	0.781409
10650010	13630000	0.781365
10657353	13640000	0.781331
10664832	13650000	0.781306
10672041	13660000	0.781262
10679333	13670000	0.781224
10686626	13680000	0.781186
10693960	13690000	0.781151
10701235	13700000	0.781112
10708532	13710000	0.781075
10715765	13720000	0.781032
10723086	13730000	0.780997
10730408	13740000	0.780961
10737695	13750000	0.780923
10744813	13760000	0.780873
10752146	13770000	0.780838
10759237	13780000	0.780786
10766587	13790000	0.780753
10773675	13800000	0.780701
10780825	13810000	0.780654
10787924	13820000	0.780602
10795194	13830000	0.780564
10802349	13840000	0.780517
10809604	13850000	0.780477
10816983	13860000	0.780446
10824315	13870000	0.780412
10831489	13880000	0.780367
10838759	13890000	0.780328
10846053	13900000	0.780292
10853299	13910000	0.780252
10860528	13920000	0.78021
10867875	13930000	0.780178
10875033	13940000	0.780131
10882297	13950000	0.780093
10889432	13960000	0.780045
10896665	13970000	0.780005
10903760	13980000	0.779954
10910841	13990000	0.779903
10917912	14000000	0.779851
10925124	14010000	0.779809
10932367	14020000	0.779769
10939673	14030000	0.779734
10946967	14040000	0.779699
10954272	14050000	0.779663
10961559	14060000	0.779627
10968850	14070000	0.779591
10976095	14080000	0.779552
10983426	14090000	0.779519
10990610	14100000	0.779476
10997932	14110000	0.779442
11005019	14120000	0.779392
11012238	14130000	0.779352
11019337	14140000	0.779302
11026505	14150000	0.779258
11033675	14160000	0.779214
11040928	14170000	0.779176
11048092	14180000	0.779132
11055301	14190000	0.779091
11062454	14200000	0.779046
11069708	14210000	0.779008
11076850	14220000	0.778963
11084092	14230000	0.778924
11091184	14240000	0.778875
11098244	14250000	0.778824
11105374	14260000	0.778778
11112594	14270000	0.778738
11119702	14280000	0.778691
11126931	14290000	0.778652
11133977	14300000	0.7786
11141192	14310000	0.77856
11148249	14320000	0.778509
11155236	14330000	0.778453
11162415	14340000	0.778411
11169602	14350000	0.778369
11176771	14360000	0.778327
11183868	14370000	0.778279
11190911	14380000	0.778227
11198053	14390000	0.778183
11205035	14400000	0.778127
11212078	14410000	0.778076
11219188	14420000	0.77803
11226189	14430000	0.777976
11233186	14440000	0.777921
11240122	14450000	0.777863
11247187	14460000	0.777814
11254225	14470000	0.777763
11261223	14480000	0.777709
11268251	14490000	0.777657
11275324	14500000	0.777609
11282434	14510000	0.777563
11289502	14520000	0.777514
11296595	14530000	0.777467
11303638	14540000	0.777417
11310785	14550000	0.777374
11317695	14560000	0.777314
11324619	14570000	0.777256
11331488	14580000	0.777194
11338205	14590000	0.777122
11345220	14600000	0.77707
11352145	14610000	0.777012
11359008	14620000	0.77695
11365894	14630000	0.77689
11372820	14640000	0.776832
11379574	14650000	0.776763
11386605	14660000	0.776712
11393465	14670000	0.776651
11400330	14680000	0.776589
11406977	14690000	0.776513
11413753	14700000	0.776446
11420501	14710000	0.776377
11427338	14720000	0.776314
11434504	14730000	0.776273
11441679	14740000	0.776233
11448483	14750000	0.776168
11455423	14760000	0.776113
11462110	14770000	0.77604
11468994	14780000	0.775981
11475738	14790000	0.775912
11482513	14800000	0.775845
11489319	14810000	0.775781
11496168	14820000	0.77572
11502876	14830000	0.775649
11509931	14840000	0.775602
11516869	14850000	0.775547
11523959	14860000	0.775502
11531108	14870000	0.775461
11538047	14880000	0.775406
11544821	14890000	0.775341
11551803	14900000	0.775289
11559127	14910000	0.77526
11566121	14920000	0.775209
11573099	14930000	0.775157
11580192	14940000	0.775113
11587559	14950000	0.775088
11594564	14960000	0.775038
11601886	14970000	0.775009
11608973	14980000	0.774965
11615741	14990000	0.774899
11622868	15000000	0.774858
11629969	15010000	0.774815
11636669	15020000	0.774745
11643578	15030000	0.774689
11650963	15040000	0.774665
11657961	15050000	0.774615
11665009	15060000	0.774569
11672193	15070000	0.774532
11679095	15080000	0.774476
11686197	15090000	0.774433
11693370	15100000	0.774395
11700328	15110000	0.774343
11707464	15120000	0.774303
11714882	15130000	0.774282
11722076	15140000	0.774245
11729382	15150000	0.774217
11736421	15160000	0.77417
11743405	15170000	0.77412
11750517	15180000	0.774079
11757949	15190000	0.774059
11765181	15200000	0.774025
11772342	15210000	0.773987
11779707	15220000	0.773962
11786678	15230000	0.773912
11793998	15240000	0.773884
11800764	15250000	0.773821
11807509	15260000	0.773756
11814333	15270000	0.773696
11821328	15280000	0.773647
11828317	15290000	0.773598
11835234	15300000	0.773545
11842175	15310000	0.773493
11849227	15320000	0.773448
11856291	15330000	0.773405
11863350	15340000	0.77336
11870477	15350000	0.773321
11877551	15360000	0.773278
11884604	15370000	0.773234
11891689	15380000	0.773192
11898705	15390000	0.773145
11905875	15400000	0.773109
11912878	15410000	0.773062
11919773	15420000	0.773007
11926772	15430000	0.77296
11933905	15440000	0.772921
11941018	15450000	0.772881
11948306	15460000	0.772853
11955382	15470000	0.772811
11962303	15480000	0.772759
11969703	15490000	0.772737
11976831	15500000	0.772699
11983619	15510000	0.772638
11990865	15520000	0.772607
11998074	15530000	0.772574
12005210	15540000	0.772536
12011975	15550000	0.772474
12018783	15560000	0.772415
12025808	15570000	0.77237
12032793	15580000	0.772323
12039864	15590000	0.772281
12046811	15600000	0.772231
12053946	15610000	0.772194
12061070	15620000	0.772156
12067947	15630000	0.772102
12075142	15640000	0.772068
12082317	15650000	0.772033
12089017	15660000	0.771968
12095798	15670000	0.771908
12102659	15680000	0.771853
12109462	15690000	0.771795
12116535	15700000	0.771754
12123406	15710000	0.7717
12130228	15720000	0.771643
12137205	15730000	0.771596
12144138	15740000	0.771546
12151198	15750000	0.771505
12158066	15760000	0.771451
12165070	15770000	0.771406
12172080	15780000	0.771361
12178982	15790000	0.77131
12186388	15800000	0.77129
12193883	15810000	0.771277
12201289	15820000	0.771257
12208282	15830000	0.771212
12215325	15840000	0.77117
12222499	15850000	0.771136
12229457	15860000	0.771088
12236543	15870000	0.771049
12243993	15880000	0.771032
12251440	15890000	0.771016
12258480	15900000	0.770974
12265436	15910000	0.770926
12272404	15920000	0.77088
12279723	15930000	0.770855
12286840	15940000	0.770818
12293784	15950000	0.77077
12300920	15960000	0.770734
12307823	15970000	0.770684
12314623	15980000	0.770627
12321454	15990000	0.770572
12328522	16000000	0.770533
12335714	16010000	0.770501
12342710	16020000	0.770456
12349757	16030000	0.770415
12356724	16040000	0.770369
12363708	16050000	0.770324
12370553	16060000	0.770271
12377450	16070000	0.770221
12384373	16080000	0.770172
12391289	16090000	0.770124
12398125	16100000	0.77007
12405115	16110000	0.770026
12412259	16120000	0.769991
12419273	16130000	0.769949
12426527	16140000	0.769921
12433732	16150000	0.769891
12441077	16160000	0.769869
12448396	16170000	0.769845
12455671	16180000	0.769819
12463017	16190000	0.769797
12470275	16200000	0.76977
12477403	16210000	0.769735
12484359	16220000	0.769689
12491343	16230000	0.769645
12498404	16240000	0.769606
12505276	16250000	0.769555
12512224	16260000	0.769509
12519218	16270000	0.769466
12526125	16280000	0.769418
12533154	16290000	0.769377
12540268	16300000	0.769342
12547428	16310000	0.769309
12554487	16320000	0.76927
12561450	16330000	0.769225
12568474	16340000	0.769184
12575587	16350000	0.769149
12582781	16360000	0.769119
12589513	16370000	0.76906
12596702	16380000	0.769029
12603594	16390000	0.768981
12610519	16400000	0.768934
12617369	16410000	0.768883
12621856 / 16416279
0.768862
